9.1477,9.7525,0.99,0.12,4,3
3.4367,12.7071,0.87,0.07,4,2
8.4897,12.0126,0.08,0.09,4,1
3.7818,5.3971,0.03,0.07,1,1
16.1825,8.0798,0.94,0.05,3,4
12.9859,10.3657,0.26,0.11,1,1
16.7145,3.0791,0.87,0.17,1,4
12.5082,13.8995,0.88,0.17,3,1
7.4733,19.0954,0.25,0.20,4,4
6.6583,13.7776,0.37,0.23,4,2
11.5817,9.4567,0.07,0.09,4,3
12.0151,7.5480,0.13,0.10,4,2
18.9219,5.7184,0.20,0.16,3,2
20.7994,2.6634,0.65,0.21,1,4
13.6531,13.6621,0.11,0.13,2,2
7.0841,5.9316,0.39,0.24,4,4
21.6189,14.7185,0.27,0.11,1,4
4.8097,17.8729,0.21,0.09,2,2
0.7361,8.4909,0.06,0.08,4,3
6.3279,12.1428,0.60,0.13,2,3
8.4812,12.5370,0.68,0.06,1,4
8.0402,8.2017,0.28,0.24,1,1
13.2657,22.1739,0.34,0.11,1,3
10.3432,7.4843,0.69,0.11,1,4
16.4837,8.8277,0.21,0.16,2,4
4.2424,11.4842,0.52,0.07,3,1
6.5278,2.4347,0.45,0.13,3,1
24.5429,6.6642,0.85,0.17,2,4
11.8376,14.7431,0.84,0.20,3,1
1.3804,0.2879,0.45,0.06,1,2
11.2641,10.6489,0.66,0.08,4,2
0.8394,2.8344,0.66,0.16,4,4
13.2934,7.2815,0.22,0.19,1,4
8.9043,12.6957,0.41,0.08,4,2
21.2918,5.0761,0.17,0.14,2,2
8.0544,14.2341,0.39,0.09,2,1
13.0430,15.9157,0.12,0.06,2,4
11.9432,11.4749,0.99,0.05,2,4
17.4831,6.0096,0.96,0.08,3,2
12.5529,6.8812,0.06,0.23,2,3
3.8059,8.4690,0.48,0.18,3,3
17.4785,16.4640,0.84,0.09,1,1
13.8223,7.8351,0.23,0.09,2,4
15.5840,4.1900,0.38,0.06,1,2
7.0669,16.9842,0.39,0.19,1,2
12.9243,13.9632,0.30,0.07,4,4
8.0410,13.4642,0.08,0.24,2,4
12.1312,4.6555,0.67,0.05,4,4
13.2301,8.9368,0.27,0.17,1,3
9.3130,7.8433,0.98,0.14,4,1
13.1033,14.8936,0.73,0.09,2,4
18.2296,11.6114,0.49,0.15,2,3
13.9661,9.8721,0.96,0.07,2,4
5.1299,8.8688,0.45,0.13,4,4
3.5177,4.2478,0.40,0.09,1,4
8.7606,4.9113,0.10,0.24,3,3
6.8869,7.4020,0.73,0.18,2,3
15.9927,16.4708,0.81,0.18,2,3
1.4797,11.4492,0.48,0.18,2,2
16.7510,13.2324,1.00,0.16,1,3
15.7106,10.7599,0.67,0.24,2,2
3.3444,5.8922,0.19,0.22,4,1
5.5319,1.5294,0.82,0.14,3,3
26.6040,11.5211,0.69,0.24,3,1
7.2736,13.3705,0.61,0.10,4,3
10.5887,17.4166,0.90,0.19,1,4
20.8812,15.3005,0.30,0.09,4,1
7.8293,6.6891,0.22,0.15,2,4
1.3898,6.1841,0.59,0.11,2,3
19.1596,0.6639,0.89,0.18,3,4
5.1766,2.7972,0.16,0.09,4,2
7.3878,8.9568,0.09,0.20,4,1
2.0011,8.4140,0.88,0.16,3,2
10.9432,8.7285,0.17,0.12,1,2
12.2344,11.1435,0.95,0.07,1,2
7.4573,5.2445,0.65,0.13,1,4
10.5568,9.3261,0.70,0.17,2,3
16.9070,16.4112,0.41,0.20,1,1
18.5224,13.6152,0.74,0.16,4,3
8.3580,6.6058,0.78,0.23,1,2
16.2718,10.9094,0.63,0.19,4,2
17.1053,15.1316,0.65,0.10,2,2
7.5768,5.2177,0.87,0.06,1,2
17.3652,7.0685,0.83,0.11,2,1
6.2385,11.2931,0.85,0.05,2,3
9.3747,11.6181,0.22,0.11,1,4
9.1808,3.6324,0.71,0.19,2,2
7.0719,13.0820,0.38,0.14,1,4
9.4431,21.9692,0.43,0.07,3,3
4.9999,17.6513,0.81,0.10,1,4
6.9112,17.7336,0.57,0.15,3,4
2.7885,21.9111,0.29,0.16,4,3
6.5418,11.0060,0.44,0.22,2,2
8.1940,13.2986,0.92,0.23,3,1
19.7433,19.9854,0.02,0.05,4,3
7.5383,10.1558,0.06,0.18,1,4
16.8106,2.3215,0.53,0.22,3,1
18.2557,14.2513,0.76,0.19,3,1
8.9797,12.4429,0.77,0.06,1,4
10.3208,9.3551,0.15,0.24,3,3
19.5441,6.4174,0.70,0.13,2,4
11.0628,2.3037,0.60,0.18,2,4
7.3351,15.7504,0.08,0.05,4,3
7.6572,2.7306,0.79,0.15,1,3
3.6989,5.9549,0.83,0.15,2,2
16.1217,4.2016,0.90,0.19,4,1
4.4716,2.2027,0.81,0.14,4,3
15.4789,12.2730,0.92,0.18,4,2
10.4181,9.1324,0.38,0.07,2,4
16.8339,16.1992,0.79,0.07,2,3
19.9082,16.9634,0.19,0.13,2,2
3.2360,20.9084,0.27,0.21,3,4
5.2663,16.5192,0.48,0.08,2,2
17.6399,18.9128,0.19,0.07,3,3
8.4878,13.7366,0.26,0.19,4,2
1.3174,8.2383,0.57,0.07,4,1
1.5135,9.4662,0.13,0.13,4,3
6.3604,11.4998,0.36,0.14,3,2
4.5843,19.0287,0.95,0.19,3,1
8.6975,12.3682,0.32,0.13,3,4
9.4981,3.1832,0.45,0.15,1,3
4.0339,12.0208,0.39,0.15,1,2
1.6798,13.2492,0.07,0.13,4,2
6.4328,11.7697,0.93,0.09,2,4
6.9248,3.1527,0.53,0.14,3,3
11.2101,13.2307,0.75,0.13,2,2
7.9663,4.0125,0.50,0.13,1,1
4.0472,1.3065,0.09,0.16,1,2
9.5536,15.5704,0.11,0.08,1,2
14.9474,5.3653,0.24,0.20,1,1
3.3397,15.4595,0.80,0.25,4,3
11.5030,9.9699,0.66,0.21,1,1
8.6434,8.9486,0.48,0.06,2,3
13.3072,13.4700,0.20,0.17,3,2
4.3633,7.4166,0.47,0.13,1,4
15.0986,4.8365,0.78,0.14,3,2
6.5744,22.7980,0.81,0.24,2,3
18.6160,3.0169,0.32,0.21,2,2
8.8292,10.2157,0.49,0.14,3,2
10.7576,13.7416,0.90,0.14,1,1
21.4520,7.4769,0.14,0.22,2,4
18.4615,1.5180,0.86,0.14,2,3
6.3275,12.6732,0.47,0.13,3,3
3.3466,13.0466,0.22,0.19,3,3
7.0929,4.8488,0.02,0.11,1,3
6.5021,6.3948,0.69,0.24,4,4
6.4262,13.0875,0.25,0.21,2,1
11.3344,10.9261,0.44,0.09,2,2
12.3768,15.3891,0.84,0.18,2,4
0.4208,0.7653,0.45,0.16,1,3
13.7403,8.7441,0.05,0.08,2,3
14.5032,11.6526,0.60,0.13,2,4
14.6509,3.4345,0.35,0.06,2,4
12.3586,6.6280,0.46,0.17,1,2
10.8706,16.1259,0.64,0.22,4,3
8.9520,13.2484,0.84,0.07,1,3
7.6625,8.5183,0.19,0.07,2,4
17.3131,20.7802,0.34,0.21,2,4
10.2959,12.5293,0.57,0.08,3,2
19.6716,5.4553,0.29,0.12,3,1
16.1104,14.3912,0.58,0.15,3,3
13.2467,10.2414,0.71,0.09,4,3
9.4896,7.1249,0.43,0.14,4,4
16.0020,11.1058,0.52,0.15,3,1
14.7166,10.9112,0.90,0.12,2,4
7.3553,13.2072,0.58,0.24,3,1
19.8804,7.5156,0.83,0.07,2,4
11.5476,2.9850,0.84,0.17,4,3
15.7565,10.8261,0.88,0.06,1,3
10.3451,7.2044,0.41,0.07,2,2
11.0768,18.6488,0.12,0.13,2,3
17.5002,21.1206,0.65,0.10,3,4
11.2823,7.1256,0.57,0.22,4,4
5.8343,10.8759,0.72,0.22,3,1
4.2221,12.3580,0.91,0.13,4,3
17.4782,13.7888,0.55,0.23,3,4
0.7553,4.0849,0.65,0.22,3,3
4.4365,15.0986,0.18,0.20,3,2
0.9366,15.7308,0.85,0.15,4,1
21.2882,10.6254,0.39,0.17,2,3
20.3468,11.4638,0.18,0.12,2,1
10.8151,12.4085,0.94,0.08,1,1
4.3729,3.7088,0.19,0.15,4,1
7.1935,0.1511,0.33,0.25,1,1
6.3827,25.9733,0.05,0.13,2,2
12.2924,14.3870,0.11,0.20,1,2
13.0676,14.8359,0.74,0.13,3,1
12.7415,4.5366,0.36,0.07,1,1
3.0587,9.3355,0.79,0.15,1,4
8.1674,19.5280,0.41,0.17,4,2
16.9020,3.6819,0.45,0.15,3,4
8.4391,15.3343,0.09,0.23,1,3
10.8101,8.3036,0.68,0.06,3,4
3.6991,21.2632,0.66,0.12,4,2
8.3255,5.4740,0.89,0.07,4,3
12.6928,10.9750,0.96,0.09,3,3
6.2475,7.1299,0.17,0.15,3,3
9.3299,6.4869,0.10,0.21,2,3
1.4237,13.8374,0.02,0.14,4,2
6.6917,12.6422,0.66,0.15,1,4
12.6476,15.4781,0.80,0.09,4,3
16.2967,8.3922,0.28,0.14,3,3
11.3150,17.1420,0.15,0.07,1,4
10.9255,5.2443,0.32,0.12,4,1
3.6987,16.7194,0.99,0.10,2,2
10.4387,10.0829,0.96,0.23,1,1
13.9196,8.7261,0.08,0.15,1,1
9.3071,15.0513,0.69,0.07,4,1
4.7035,7.9616,0.30,0.19,1,4
10.1292,7.4293,0.49,0.10,2,4
4.6040,11.9910,0.25,0.09,4,1
0.3380,4.1470,0.98,0.14,4,1
0.2509,17.6934,0.51,0.14,2,3
9.2549,7.3061,0.45,0.23,1,3
2.3451,20.4025,0.08,0.08,3,2
12.5696,16.1217,0.76,0.22,1,3
10.5180,16.7178,0.36,0.21,2,1
8.3455,6.8262,0.91,0.09,2,3
18.3910,11.2478,0.93,0.24,2,2
4.1612,12.1398,0.58,0.06,1,3
6.3529,11.3565,0.87,0.14,4,2
5.1847,15.8318,0.28,0.14,3,4
5.7286,8.7071,0.47,0.07,3,2
8.3423,4.8970,0.05,0.23,2,1
15.8012,5.1292,0.88,0.24,4,4
8.8716,11.8619,0.60,0.19,2,3
18.3721,8.9418,0.83,0.22,3,1
14.7672,6.2389,0.58,0.22,1,2
16.1257,8.4122,0.66,0.06,2,4
25.4612,7.4236,0.85,0.18,4,2
4.6031,2.5253,0.39,0.19,4,4
6.4097,13.1084,0.49,0.21,2,1
10.1009,12.1351,0.14,0.11,3,3
9.0758,18.1340,0.41,0.21,2,3
8.1023,10.9365,0.14,0.13,4,2
7.0191,14.9802,0.69,0.09,3,1
19.0635,11.6189,0.54,0.18,3,2
22.1644,15.6229,0.14,0.16,1,3
17.0943,8.1447,0.06,0.18,4,4
12.3391,16.5924,0.44,0.20,4,2
8.1162,13.4283,0.99,0.17,2,4
19.4553,9.0244,0.43,0.17,2,3
19.3672,7.7763,0.18,0.09,3,2
4.9490,11.6155,0.58,0.24,4,1
9.3911,12.7004,0.24,0.15,3,4
7.6706,3.4982,0.60,0.17,1,4
11.6317,18.3505,0.02,0.09,4,2
8.4015,9.7667,0.18,0.22,4,3
17.3463,15.8060,0.02,0.23,2,1
10.5693,12.8949,0.58,0.21,4,4
8.3251,5.7791,0.57,0.18,2,2
0.4023,7.1138,0.40,0.09,3,3
11.2038,5.2417,0.11,0.18,4,2
15.6346,7.5737,0.18,0.11,2,3
3.4813,12.0404,0.18,0.09,2,4
7.8228,19.0159,0.37,0.08,3,1
3.5292,4.7666,0.49,0.25,2,4
1.8400,13.8905,0.00,0.19,1,4
14.4746,16.2524,0.74,0.20,1,2
8.8991,2.4991,0.17,0.19,3,3
9.7358,0.7671,0.13,0.10,2,2
13.4950,0.2599,0.34,0.15,3,1
14.0764,11.2907,0.97,0.19,1,1
8.1694,5.6295,0.02,0.12,1,4
2.2315,11.3002,0.77,0.20,2,3
0.7989,11.9227,0.71,0.16,3,4
15.4985,12.5461,0.47,0.15,3,3
14.1703,13.1965,0.04,0.22,1,2
9.5468,18.5548,0.09,0.21,1,2
8.5768,14.9569,0.65,0.11,4,1
8.7918,15.1845,0.96,0.14,4,3
21.6035,14.7230,0.48,0.19,1,2
1.9674,2.1272,0.47,0.14,1,4
11.5991,2.4183,0.83,0.18,3,1
13.3067,5.6533,0.96,0.22,4,2
20.8422,13.6017,0.46,0.10,4,1
2.8817,4.9133,0.33,0.07,2,1
7.9707,11.6018,0.82,0.24,2,2
11.3204,25.4247,0.92,0.20,1,4
14.0363,2.7526,0.76,0.19,3,4
2.3527,7.0898,0.19,0.19,3,2
19.9032,14.9859,0.74,0.24,1,2
9.2881,3.2798,0.88,0.06,3,2
0.2404,2.4236,0.25,0.18,3,2
9.2851,3.2460,0.38,0.14,1,3
22.7194,19.7768,0.60,0.05,2,4
16.6314,6.9267,0.66,0.06,4,2
21.8632,3.2998,0.46,0.09,1,4
0.4406,3.3199,0.18,0.09,3,2
15.1706,18.1732,0.03,0.14,1,1
13.5575,13.7432,0.20,0.18,3,1
16.0532,5.1848,0.84,0.13,3,2
15.1350,18.2858,0.61,0.22,1,1
22.1912,7.2292,0.09,0.08,2,2
6.8207,21.9595,0.22,0.13,3,3
9.9192,3.6045,0.60,0.07,4,1
16.5165,11.5607,0.03,0.07,3,2
5.0504,14.3365,0.13,0.08,3,1
7.4807,11.6054,0.98,0.12,1,2
14.6509,13.0760,0.64,0.22,3,2
12.2687,12.8466,0.24,0.16,2,1
1.4944,12.0243,0.99,0.14,4,1
9.4618,23.3548,0.34,0.17,4,4
3.4397,3.9547,0.79,0.19,2,4
27.5608,23.8763,0.92,0.12,2,2
5.4870,5.4439,0.93,0.24,3,3
11.9091,7.7715,0.16,0.13,2,3
11.5612,10.2963,0.16,0.14,2,1
4.8895,15.1348,0.67,0.06,4,4
12.3210,14.9452,0.69,0.07,4,3
18.9870,10.7609,0.00,0.12,1,2
1.2017,18.2304,0.83,0.22,1,2
10.5577,15.1367,0.38,0.07,4,2
23.0248,6.5413,0.36,0.17,4,3
0.3870,11.8405,0.30,0.18,3,1
12.1587,8.5019,0.48,0.17,4,1
15.5114,16.2689,0.54,0.12,1,1
11.2001,4.4506,0.74,0.09,4,4
20.5123,5.0581,0.66,0.25,4,4
18.3779,4.9134,0.13,0.09,1,4
10.0115,18.2386,0.31,0.12,2,2
15.7558,13.9378,0.30,0.09,3,1
15.4689,7.5373,0.07,0.11,4,4
7.7365,16.9749,0.42,0.09,1,2
11.2589,12.4929,0.22,0.16,2,4
8.3389,3.4208,0.19,0.18,3,3
0.8868,18.0783,0.44,0.05,4,1
19.7680,14.8760,0.73,0.18,4,3
13.2385,7.6428,0.12,0.25,4,4
8.7470,19.8543,0.94,0.19,3,4
1.9791,2.8391,0.08,0.11,4,3
14.8511,9.4302,0.92,0.10,3,3
17.3153,2.7654,0.76,0.12,3,1
13.6354,8.9748,0.13,0.17,4,3
9.4992,5.2239,0.25,0.15,4,3
4.9431,6.2600,0.23,0.25,1,3
11.6036,19.0770,0.85,0.18,3,3
18.7465,25.0267,0.58,0.05,1,2
13.5819,3.7798,0.41,0.14,3,4
21.3726,14.7497,0.02,0.16,3,4
7.1917,15.1901,0.74,0.07,1,2
14.6551,0.8333,0.07,0.07,3,3
7.3160,1.1962,0.39,0.07,1,2
13.8165,26.8726,0.79,0.06,2,2
4.8022,15.8940,0.89,0.22,4,1
12.8809,8.1649,0.38,0.12,2,1
4.7764,8.5533,0.35,0.05,2,1
2.6535,4.7938,0.49,0.10,3,1
2.4297,12.5358,0.83,0.06,4,1
9.1488,10.0698,0.25,0.13,3,3
2.0269,1.4404,0.23,0.18,1,4
6.4876,10.1134,0.32,0.17,4,1
26.4528,4.4943,0.86,0.22,4,2
8.5911,6.8487,0.70,0.07,3,1
9.0783,8.1179,0.01,0.11,4,2
3.7077,1.9349,0.69,0.17,2,2
10.7200,6.2859,0.65,0.06,2,4
11.3822,12.4103,0.20,0.07,1,1
0.4913,8.8696,0.58,0.07,2,1
9.4338,9.5518,0.85,0.10,1,3
0.5304,8.3756,0.18,0.13,3,4
4.6577,9.9447,0.72,0.15,2,4
14.1683,15.2915,0.90,0.21,4,1
15.3691,12.5344,0.96,0.15,4,3
2.2511,9.3508,0.31,0.19,3,1
17.5038,16.5564,0.14,0.23,2,4
10.6505,3.1011,0.19,0.22,3,1
13.5041,2.6828,0.17,0.14,3,2
7.9138,5.9033,0.88,0.08,2,3
2.7556,2.3276,0.66,0.14,3,1
0.8676,13.7287,0.55,0.12,2,1
6.9382,11.8067,0.62,0.08,2,1
6.8644,1.0674,1.00,0.18,4,4
25.0436,15.2064,0.47,0.20,4,3
9.8280,16.3173,1.00,0.10,1,2
15.6808,15.5290,0.47,0.17,4,2
4.6918,14.3273,0.93,0.23,2,2
21.6895,19.6256,0.52,0.08,3,2
6.4738,3.7215,0.91,0.21,3,3
7.4493,15.9484,0.33,0.24,4,2
8.9771,14.1786,0.38,0.22,4,1
15.5619,6.6197,0.98,0.15,4,4
13.1353,15.6257,0.57,0.07,4,1
8.9948,11.9775,0.20,0.07,4,2
19.1691,13.8112,0.36,0.16,2,2
14.4507,0.0282,0.67,0.10,4,2
3.5726,5.3354,0.31,0.11,2,2
10.5143,14.7115,0.45,0.12,3,3
10.6025,21.1151,0.98,0.25,4,3
7.6603,3.8895,0.84,0.18,1,2
1.0886,9.0020,0.77,0.06,2,2
12.1307,13.4948,0.90,0.20,2,3
14.8223,2.6448,0.04,0.19,2,1
13.3940,5.4826,0.53,0.15,1,4
9.3521,9.1789,0.05,0.08,1,1
19.4484,15.7469,0.56,0.12,1,4
17.0654,11.0845,0.69,0.13,3,3
5.3474,22.3397,0.27,0.23,2,1
7.8458,6.9296,0.84,0.06,3,3
13.7194,9.4519,0.70,0.23,1,4
25.5666,1.1980,0.69,0.23,3,3
1.8383,16.4914,0.24,0.07,1,3
14.7553,18.7803,0.42,0.22,2,1
9.2344,1.5837,0.14,0.09,4,3
2.0954,12.5192,0.96,0.08,1,4
4.5700,14.9301,0.35,0.12,2,3
3.6157,9.5064,0.47,0.08,3,2
0.2226,12.8001,0.92,0.08,1,4
1.2438,15.6174,0.73,0.20,2,2
14.0476,3.8124,0.94,0.19,3,2
3.9568,11.0455,0.89,0.12,4,2
14.0490,8.0347,0.03,0.13,4,3
11.2237,13.5757,0.56,0.14,3,3
8.5583,14.2410,0.18,0.19,4,4
10.4611,12.8715,0.60,0.24,3,2
13.9670,7.0390,0.53,0.08,1,2
9.5783,12.8934,0.61,0.12,3,4
10.5987,13.1871,0.51,0.16,3,2
14.1187,9.7249,0.81,0.07,2,3
17.6113,12.0993,0.69,0.10,2,2
0.2570,15.1339,0.67,0.09,2,2
2.1995,13.6879,0.81,0.09,1,2
15.0863,4.6648,0.04,0.19,3,2
12.3229,3.5064,0.02,0.10,4,4
18.7681,9.2858,0.71,0.16,2,3
18.2428,7.1400,0.22,0.11,2,4
23.7013,8.1522,0.89,0.24,4,4
11.4544,9.3702,0.78,0.22,1,3
12.8906,4.5222,0.50,0.10,1,3
11.6897,0.0194,0.98,0.12,2,1
1.4318,15.6824,0.49,0.21,2,1
26.7448,18.5429,0.71,0.08,2,3
11.6680,15.7588,0.02,0.05,2,2
8.4891,5.8726,0.72,0.25,1,2
15.8714,14.8956,0.81,0.12,2,3
0.0681,0.3114,0.01,0.12,4,4
8.8501,11.0268,0.15,0.20,4,1
18.8347,14.8151,0.75,0.10,1,2
14.8263,19.5559,0.82,0.24,3,3
13.1336,15.1938,0.22,0.15,1,2
13.7003,15.9409,0.80,0.19,4,4
18.7286,10.7570,0.45,0.18,2,2
16.2488,15.2401,0.40,0.14,1,3
2.9069,5.2177,0.70,0.24,4,4
5.8539,8.2640,0.35,0.14,2,1
5.5194,16.0058,0.07,0.18,3,3
6.8015,15.3346,0.14,0.24,4,3
16.3637,4.0850,0.14,0.07,4,1
0.2730,13.9837,0.79,0.11,2,1
18.0436,17.1773,0.01,0.12,3,3
11.0152,2.2238,0.87,0.09,4,4
12.7877,7.2127,0.55,0.07,4,3
9.9051,26.0395,0.24,0.05,2,3
8.0116,14.8018,0.76,0.19,4,3
0.4143,2.8291,0.38,0.10,1,3
16.0339,8.5905,0.13,0.16,2,4
9.4285,5.5328,0.97,0.23,3,1
16.5934,14.8902,0.04,0.14,4,1
10.0295,9.0822,0.77,0.16,3,4
1.0796,12.4337,0.33,0.21,3,4
5.0871,7.0811,0.83,0.19,4,3
5.5097,18.6503,0.99,0.09,1,1
13.0991,12.5942,0.71,0.10,1,2
17.6654,6.5057,0.77,0.08,3,1
7.5224,4.7441,0.00,0.12,2,2
14.9192,1.5689,0.27,0.06,1,1
5.0461,10.4160,0.77,0.18,1,4
1.0267,15.7517,0.92,0.06,1,4
29.9622,12.3047,0.67,0.10,3,1
19.3975,0.1967,0.99,0.20,4,4
11.4909,12.4336,0.80,0.22,3,2
10.5415,13.4418,0.32,0.12,1,1
2.4641,3.0982,0.55,0.24,2,3
9.2974,11.2666,0.21,0.09,4,1
11.0615,6.4868,0.21,0.17,2,3
10.3568,8.7612,0.24,0.09,2,3
0.1436,14.2784,0.18,0.09,1,4
18.5004,17.8633,0.12,0.18,4,3
3.6305,13.5425,0.96,0.14,1,1
18.0592,1.9166,0.23,0.05,3,3
6.4461,5.1598,0.41,0.21,1,1
12.9524,5.1409,0.21,0.15,3,2
14.7236,21.0537,0.14,0.24,1,4
14.9165,4.8661,0.19,0.06,1,2
9.2709,3.7465,0.98,0.20,1,1
11.7011,11.3973,0.05,0.08,1,1
3.2519,17.9408,0.02,0.11,1,4
10.8104,9.3972,0.13,0.22,4,1
9.0191,2.2049,0.48,0.08,1,4
1.1513,4.1564,0.45,0.20,2,2
5.6504,21.7031,0.41,0.20,4,4
7.4485,6.0581,0.65,0.19,1,3
7.0969,12.0676,0.34,0.09,3,4
14.8278,9.8514,0.10,0.23,3,4
2.6784,20.7953,0.49,0.22,3,2
5.4650,11.8995,0.21,0.20,4,4
6.1757,7.0241,0.23,0.12,3,1
2.5843,2.2126,0.71,0.06,4,2
16.1735,10.5982,0.66,0.07,1,3
0.4369,17.3495,0.05,0.19,3,4
4.6656,10.6770,0.34,0.15,3,1
10.1816,1.7316,0.51,0.24,1,2
12.0165,18.7774,0.86,0.16,3,3
29.0659,11.8454,0.23,0.16,1,1
11.7484,10.2926,0.67,0.06,2,3
13.8971,13.4571,0.99,0.10,1,2
8.5678,12.2657,0.10,0.11,4,2
1.9300,6.4328,0.61,0.25,1,4
15.4359,9.7816,0.54,0.24,4,2
12.2834,1.9416,0.51,0.05,4,2
19.4389,5.0552,0.10,0.06,4,3
15.4721,8.9288,0.23,0.19,2,1
4.0944,1.9830,0.37,0.20,2,4
10.8909,11.4642,0.83,0.15,3,3
8.2429,15.9607,0.44,0.15,4,4
3.6960,6.9195,0.08,0.12,2,1
11.8652,8.5575,0.58,0.23,4,4
6.8488,2.2600,0.72,0.05,1,1
14.4649,11.9340,1.00,0.21,2,4
4.3139,18.4082,1.00,0.08,2,2
10.9468,9.2209,0.58,0.05,1,3
10.2339,3.9124,0.05,0.17,4,2
4.0781,13.6495,0.82,0.20,4,3
1.9152,3.0380,0.51,0.10,1,3
5.3859,7.9642,0.95,0.08,3,3
14.6267,15.0016,0.87,0.09,1,4
11.1062,4.1732,0.23,0.06,1,2
11.3140,5.4388,0.14,0.11,2,2
8.6723,7.6994,0.74,0.22,3,3
9.6486,10.8636,0.51,0.20,1,1
9.0417,5.6638,0.42,0.12,3,1
13.6381,13.9966,0.27,0.19,3,3
13.2838,17.0200,0.72,0.07,1,1
11.6107,8.8702,0.82,0.15,4,1
6.3465,5.9364,0.73,0.14,2,4
4.2306,4.3106,0.31,0.24,1,1
13.6279,8.2971,0.03,0.18,4,1
22.6376,15.3434,0.15,0.18,4,4
8.5191,24.6585,0.38,0.09,4,1
7.6711,10.7553,0.23,0.11,2,3
6.6580,19.8053,0.69,0.20,4,1
12.0868,14.0945,0.25,0.22,3,3
2.3996,10.2554,0.32,0.09,2,2
13.0470,11.8971,0.07,0.23,3,1
9.8472,5.1219,0.34,0.21,2,1
22.1030,3.1777,0.83,0.06,4,1
11.6820,1.4649,0.20,0.20,1,4
3.2874,9.5988,0.83,0.11,4,1
11.3284,15.9981,0.42,0.23,1,2
13.5895,4.8379,0.11,0.07,2,1
7.8842,1.6980,0.91,0.14,3,4
3.6783,7.9462,0.62,0.05,4,3
9.6981,0.0719,0.70,0.13,2,3
2.5252,0.9605,0.68,0.20,3,4
0.1953,7.6375,0.30,0.15,1,3
5.9521,8.8689,0.51,0.17,1,4
14.3836,10.6678,0.38,0.10,3,2
8.7120,6.8096,0.73,0.10,4,1
11.5897,7.4777,0.35,0.14,4,2
0.7900,17.5636,0.16,0.14,2,4
3.0854,7.8511,0.82,0.11,3,1
0.7190,18.6155,0.02,0.10,3,4
9.9175,17.0654,0.46,0.23,1,3
13.0173,11.6440,0.66,0.05,4,3
8.8629,11.5710,0.27,0.16,1,1
3.5142,15.9699,0.43,0.12,4,4
14.1476,3.3963,0.43,0.05,3,1
12.2705,5.5378,0.85,0.07,4,1
14.2016,9.9280,0.75,0.16,2,4
0.8592,9.4125,0.88,0.18,1,1
11.9173,10.1010,0.35,0.10,1,4
12.8511,3.7529,0.38,0.11,1,1
17.1747,6.6443,0.44,0.18,2,2
11.2369,3.6597,0.09,0.06,3,2
4.3074,11.8892,0.21,0.08,1,1
16.5504,9.6215,0.81,0.19,2,1
14.0823,18.1470,0.75,0.08,3,2
8.8733,1.7992,0.55,0.07,3,2
17.8873,1.8886,0.79,0.21,3,4
7.2369,16.4999,0.94,0.15,3,4
3.3309,9.6726,0.02,0.25,2,1
10.2098,11.9759,0.52,0.19,2,4
4.6228,14.5791,0.55,0.20,3,1
7.1265,7.7711,0.58,0.22,2,1
8.9413,10.2647,0.54,0.16,2,1
12.3181,3.1383,0.94,0.23,3,1
6.3003,7.5435,0.14,0.15,4,4
10.8179,5.1126,0.71,0.10,1,3
5.6015,8.3453,0.93,0.12,2,4
11.6864,2.0773,0.39,0.20,2,4
3.3905,4.9384,0.09,0.08,4,4
14.5187,15.7111,0.93,0.24,4,3
4.0516,14.0896,0.14,0.07,1,4
5.1550,11.0637,0.47,0.08,1,2
11.5640,16.6445,0.81,0.06,3,1
6.0010,0.1247,0.63,0.15,1,2
18.4553,8.5308,0.99,0.08,2,2
13.2054,9.7162,0.24,0.15,3,2
13.0248,6.9562,0.32,0.06,4,2
0.4022,14.7871,0.81,0.16,1,1
9.4819,17.3494,0.93,0.07,3,2
9.5909,12.3975,0.46,0.22,1,1
16.4943,14.7036,0.39,0.21,4,1
3.2241,7.7559,0.05,0.07,4,2
11.9081,8.4658,0.87,0.18,2,1
16.1649,16.6534,0.63,0.05,1,4
0.7137,10.9206,0.06,0.22,4,2
8.7781,3.7306,0.90,0.08,2,1
18.5909,18.4022,0.48,0.15,2,4
1.9620,3.7823,0.68,0.16,1,1
15.6592,2.6681,0.69,0.20,1,2
13.1163,7.4257,0.22,0.19,3,4
4.7598,14.9361,0.24,0.07,2,2
11.8439,9.1044,0.65,0.15,4,1
18.5071,5.9410,0.71,0.21,4,4
17.4635,17.3747,0.86,0.06,4,4
0.9171,7.8878,0.71,0.24,3,1
11.6298,3.5609,0.33,0.23,1,4
8.7675,15.7525,1.00,0.21,4,1
10.9528,6.2202,0.10,0.08,2,1
3.3112,11.4583,0.01,0.17,3,2
16.9831,1.5534,0.20,0.24,1,1
8.9938,8.9628,0.47,0.19,3,1
13.7126,16.4614,0.36,0.15,3,2
24.5897,18.5655,0.12,0.16,1,4
12.2676,9.3009,0.57,0.15,1,2
6.7811,13.8139,0.52,0.18,1,1
12.1413,5.9262,0.03,0.24,1,2
5.5799,10.0831,0.07,0.05,3,4
15.9666,0.1405,0.10,0.22,1,4
14.8383,5.9882,0.41,0.16,2,1
17.9421,6.6728,0.99,0.06,3,1
12.0476,3.9055,0.15,0.14,3,1
7.4409,14.2663,0.69,0.10,2,4
12.3078,12.8611,0.74,0.10,2,4
7.8471,11.5464,0.70,0.13,3,4
8.1750,7.8959,0.33,0.21,3,1
10.7410,6.4151,0.74,0.05,1,1
0.8390,10.2594,0.04,0.21,4,2
0.6521,16.3074,0.03,0.22,3,3
7.9724,12.5201,0.17,0.11,4,3
2.0264,15.3562,0.88,0.17,2,4
7.2408,17.5644,0.38,0.21,4,4
10.0584,12.0276,0.17,0.23,4,4
11.3049,21.5500,0.05,0.08,1,2
0.1769,13.7796,0.63,0.24,2,3
3.6767,18.0602,0.58,0.21,4,2
2.9951,14.4985,0.79,0.07,2,2
20.4995,0.2754,0.92,0.05,1,2
23.6679,3.3019,0.84,0.10,1,1
14.2802,20.8462,0.49,0.13,2,1
8.8146,10.7294,0.33,0.09,4,4
7.6605,10.1538,0.28,0.08,4,3
17.8111,25.3327,0.50,0.17,4,1
23.2381,7.5579,0.57,0.18,1,2
10.2426,15.8150,0.89,0.08,2,3
1.6270,18.5689,0.93,0.06,3,2
8.3533,11.4082,0.55,0.05,1,1
15.1475,11.0450,0.77,0.07,1,4
21.6757,16.7291,0.61,0.08,1,2
4.9052,3.7214,0.99,0.21,1,4
15.7116,5.6124,0.94,0.25,3,4
0.7361,3.3731,0.26,0.24,2,4
9.2884,0.3968,0.67,0.10,2,3
5.4035,5.0437,0.58,0.24,1,2
16.4875,2.6184,0.01,0.05,2,2
11.0309,14.5326,0.27,0.14,4,1
16.1425,11.6367,0.96,0.06,4,3
15.6146,1.3469,0.62,0.16,2,1
14.9315,10.7869,0.49,0.08,4,1
6.6497,1.8941,0.74,0.22,3,1
10.5015,14.2711,0.96,0.13,4,3
3.8568,17.9566,0.15,0.16,4,1
17.1535,0.9321,0.51,0.17,3,3
11.6007,5.7878,0.35,0.09,2,2
5.1273,0.4900,0.67,0.20,3,3
12.7662,25.5864,0.93,0.25,1,1
3.3904,12.3063,0.29,0.09,2,2
0.7352,18.9304,0.37,0.20,4,2
18.7108,12.8944,0.35,0.22,4,4
10.3981,14.1516,0.03,0.22,3,3
8.2424,0.1742,0.64,0.24,4,4
11.0633,12.5073,0.47,0.22,4,3
28.2241,5.7826,0.20,0.19,1,4
5.3433,6.4944,0.41,0.11,3,1
15.8570,4.0655,0.24,0.07,4,3
12.3204,14.8340,1.00,0.23,1,2
1.8375,11.6538,0.93,0.06,4,4
10.4399,7.5574,0.39,0.06,4,4
4.8951,19.7814,0.59,0.17,3,2
7.2601,11.9060,0.76,0.07,3,4
8.9798,20.0200,0.78,0.11,1,4
17.7968,19.9460,0.91,0.19,1,4
9.6637,11.5554,0.35,0.19,4,2
6.1227,3.4143,0.23,0.15,1,3
8.1660,13.8567,0.12,0.10,4,2
0.7706,6.1742,0.30,0.10,3,3
1.5662,10.8901,0.43,0.16,4,4
17.0726,8.0603,0.06,0.15,3,2
4.7556,19.4796,0.75,0.18,2,1
18.7768,14.9353,0.46,0.07,4,4
12.9837,2.3964,0.83,0.19,2,3
1.6988,20.2226,0.59,0.22,1,1
6.7817,6.7071,0.28,0.20,2,1
10.9226,11.4090,0.47,0.13,1,1
14.5394,7.3484,0.73,0.13,3,2
2.2160,0.0295,0.68,0.06,4,2
6.7420,16.3116,0.79,0.13,4,3
7.3240,6.6415,0.83,0.17,3,3
14.1105,4.2612,0.27,0.17,4,4
9.1893,12.4319,0.03,0.18,3,4
5.7738,10.5939,0.84,0.22,3,2
13.0150,10.8689,0.40,0.13,4,3
1.4316,0.0421,0.20,0.07,1,3
9.3398,10.7224,0.03,0.19,1,3
1.9981,18.3698,0.89,0.22,4,3
12.9561,14.5269,0.95,0.12,3,3
2.2916,5.8633,0.48,0.19,2,4
13.1128,5.9992,0.93,0.10,4,4
9.3304,3.0452,0.57,0.15,3,2
1.7040,17.1508,0.75,0.15,1,1
11.5377,11.7789,0.87,0.21,4,2
2.8475,12.2775,0.16,0.17,4,4
19.9142,13.7983,0.17,0.14,3,1
13.9066,14.4531,0.94,0.14,2,4
9.1070,24.2652,1.00,0.17,4,2
7.5558,11.8173,0.07,0.16,4,2
11.2555,11.6519,0.62,0.10,4,2
15.4400,3.3970,0.40,0.08,2,4
9.8072,4.9140,0.73,0.14,3,4
9.3351,12.3718,0.61,0.09,1,2
5.4812,20.2235,0.40,0.15,1,1
15.4189,6.7755,0.04,0.18,1,1
11.3040,10.3586,0.38,0.05,2,4
14.7067,2.1045,0.90,0.09,4,4
8.9840,9.0323,0.83,0.11,1,2
4.0128,1.0699,0.93,0.12,4,4
14.5888,6.6202,0.49,0.15,2,1
17.1312,16.5910,0.80,0.15,2,2
10.0333,13.2362,0.96,0.12,4,3
22.7813,19.2003,0.23,0.21,4,2
10.6582,4.6626,0.57,0.06,2,4
2.2692,10.6317,0.35,0.11,4,3
7.2518,7.4434,0.33,0.12,1,4
6.7726,11.5055,0.07,0.09,3,3
12.4209,3.8826,0.54,0.10,4,2
11.9497,11.2203,0.96,0.18,2,3
12.0166,13.9042,0.59,0.08,1,3
2.9626,5.6510,0.18,0.25,3,4
10.0069,13.5655,0.63,0.18,1,3
11.4336,6.9522,0.80,0.07,3,1
20.7089,12.5854,0.16,0.07,4,2
13.6734,10.6738,0.44,0.12,1,2
8.2543,14.3746,0.78,0.07,2,1
17.4092,7.5753,0.13,0.21,3,2
5.1595,1.0874,0.01,0.14,4,4
10.8883,9.7249,0.98,0.18,1,2
9.8667,2.3808,0.29,0.08,1,4
5.2924,1.6348,0.75,0.21,1,2
15.5789,12.2346,0.01,0.11,1,2
15.3410,10.2558,0.91,0.11,1,3
5.5849,6.1780,0.57,0.19,1,4
21.2096,12.3066,0.90,0.15,4,1
19.3547,12.0400,0.29,0.18,2,4
5.0347,0.7037,0.63,0.23,4,4
7.4410,11.4380,0.22,0.14,3,4
11.7911,5.3585,0.50,0.14,1,1
9.7429,16.2779,0.58,0.10,1,3
6.3465,8.4261,0.07,0.15,3,4
10.7335,14.9894,0.75,0.21,2,4
14.7810,11.3067,0.24,0.09,3,2
7.6514,13.1108,0.09,0.22,2,2
15.2514,17.6526,0.71,0.20,1,2
1.4446,10.9891,0.74,0.05,4,3
14.8246,13.7281,0.03,0.21,4,1
14.7994,4.6718,0.62,0.12,2,3
7.8690,18.0724,0.55,0.18,3,2
17.3422,4.0539,0.90,0.09,1,4
9.5012,12.3044,0.83,0.13,2,4
2.3776,7.8618,0.51,0.07,2,2
20.0226,5.9904,0.60,0.12,2,2
13.3460,7.2657,0.48,0.07,4,3
10.1347,3.6252,0.44,0.24,1,3
8.9465,3.3195,0.57,0.20,3,3
1.6903,11.6976,0.06,0.18,3,1
5.6419,5.8283,0.96,0.21,1,2
11.7767,19.8535,0.83,0.23,4,4
12.3123,12.1207,0.62,0.21,4,3
5.3148,3.9306,0.70,0.17,1,4
14.2502,8.8988,0.61,0.07,4,3
17.8828,4.0157,0.79,0.09,2,3
12.2315,11.0479,0.46,0.20,3,4
9.3718,8.9878,0.25,0.23,2,1
16.6223,14.7626,0.76,0.20,2,3
8.2159,6.5038,0.86,0.14,3,1
11.5452,13.3602,0.38,0.14,4,2
3.6405,16.2448,0.83,0.15,4,1
14.7375,11.5331,0.06,0.25,2,3
13.9321,19.3504,0.16,0.10,2,2
14.0471,23.7994,0.44,0.07,4,4
14.4855,2.5143,0.67,0.12,4,2
12.0751,14.1940,0.09,0.24,4,4
0.4927,7.2123,0.63,0.13,1,2
2.1430,7.2480,0.77,0.14,4,3
5.5175,10.6445,0.62,0.06,1,2
8.9922,15.1821,0.76,0.17,3,3
17.7682,11.2838,0.79,0.07,2,2
7.7714,8.3862,0.92,0.06,2,1
13.8779,10.8972,0.67,0.11,2,2
6.5069,9.7199,0.35,0.08,2,1
9.8315,5.6494,0.75,0.22,1,4
0.2162,16.2891,0.59,0.21,4,1
11.9092,14.5280,0.38,0.18,3,4
15.8559,12.5898,0.09,0.16,2,4
7.0670,1.5150,0.45,0.24,2,3
3.0044,6.8215,0.44,0.24,1,2
6.5795,3.1417,0.54,0.10,4,1
7.3481,5.2688,0.29,0.17,2,4
9.8904,9.4738,0.67,0.11,4,4
11.7637,11.3488,0.42,0.09,2,4
15.4591,14.4008,0.11,0.08,4,2
23.1498,6.6241,0.76,0.18,1,3
7.5929,18.1929,0.35,0.15,1,2
23.0096,6.0652,0.42,0.11,3,1
1.1444,16.0096,0.04,0.21,1,4
11.2957,27.3174,0.06,0.09,3,2
20.3315,8.9478,0.55,0.11,2,4
10.8374,7.2999,0.67,0.18,2,3
14.9267,17.4007,0.28,0.15,4,2
24.8036,5.2713,0.89,0.13,3,1
14.7017,24.9127,0.84,0.17,1,1
14.9110,0.2957,0.74,0.08,4,2
5.7204,20.5586,0.63,0.13,1,4
6.8691,0.7680,0.96,0.19,3,3
3.1834,9.3571,0.66,0.14,1,3
15.5854,13.9454,0.32,0.17,4,4
3.5211,9.1913,0.66,0.23,2,3
13.1945,12.2455,0.69,0.11,3,3
11.2138,0.3111,0.74,0.21,1,4
6.9597,13.4204,0.78,0.19,2,1
12.3531,20.9308,0.57,0.16,2,4
8.4490,7.3961,0.35,0.09,3,3
11.2425,14.0527,0.11,0.23,2,1
3.5405,4.5788,0.43,0.06,3,4
4.1562,12.9120,0.16,0.15,4,3
11.4631,4.0273,0.96,0.24,4,2
8.6426,12.1758,0.30,0.14,3,2
23.1236,14.1591,0.37,0.14,3,4
20.3025,7.6758,0.58,0.10,3,1
16.6760,10.0339,0.80,0.18,3,1
14.1443,14.7290,0.24,0.07,3,2
11.0322,10.8916,0.90,0.07,2,1
11.5676,2.2502,0.75,0.10,1,3
10.9349,3.0779,0.16,0.08,1,3
14.4260,6.0959,0.59,0.16,4,2
6.9860,10.4661,0.55,0.17,3,3
13.7110,12.4284,0.02,0.14,1,3
4.5327,14.8326,0.08,0.07,3,4
3.2596,25.6282,0.46,0.07,4,1
2.0785,5.3150,0.07,0.06,2,3
10.2123,0.0132,0.95,0.21,2,4
14.7748,4.0373,0.43,0.07,3,2
8.8959,7.8232,0.22,0.11,3,2
2.3344,10.8696,0.42,0.05,2,2
0.2747,3.4080,0.68,0.06,1,1
14.7304,6.8569,0.68,0.13,3,3
3.8956,12.7421,0.09,0.14,4,3
13.8162,6.2888,0.09,0.10,2,3
5.2666,18.5177,0.75,0.23,4,4
2.4404,1.2447,0.72,0.09,3,1
12.4302,22.7354,0.94,0.05,1,4
2.2929,13.5525,0.05,0.17,4,4
10.7945,18.6263,0.72,0.25,4,2
2.7974,4.8527,0.13,0.23,4,2
2.2137,8.9892,0.66,0.07,1,1
3.3203,4.0912,0.82,0.23,3,2
5.9312,3.6374,0.73,0.21,3,1
5.1930,8.3615,0.21,0.07,4,1
16.2606,21.6087,0.85,0.07,4,1
4.7648,5.5015,0.35,0.21,4,3
13.0748,11.9779,0.78,0.17,1,3
17.7134,10.4766,0.84,0.24,3,1
13.3868,15.3599,0.60,0.19,2,2
12.3548,14.0378,0.71,0.14,4,1
17.9379,6.3086,0.63,0.13,2,3
13.9475,19.0877,0.71,0.08,3,4
13.2537,1.1345,0.29,0.13,3,1
7.8136,13.6572,0.04,0.06,4,3
12.8526,8.1054,0.38,0.20,3,2
20.9773,8.5047,0.35,0.16,4,3
14.8191,12.1658,0.49,0.11,4,4
16.0679,6.1296,0.85,0.18,4,3
6.8219,3.5347,0.76,0.12,1,4
7.5130,17.3449,0.97,0.17,1,2
19.8561,0.8102,0.66,0.09,4,1
3.7878,6.3226,0.17,0.10,3,4
19.1633,17.3926,0.71,0.09,4,4
0.9147,14.0603,0.18,0.12,4,2
11.1539,10.3559,0.62,0.15,4,4
3.6190,0.6256,0.05,0.20,1,3
15.7940,12.0922,0.52,0.06,3,3
4.6600,21.0295,0.54,0.10,4,1
15.2408,12.4337,0.60,0.25,3,3
7.6202,15.6938,0.90,0.20,2,1
10.3506,9.9668,0.55,0.16,3,4
8.4313,11.2741,0.60,0.24,1,3
14.4152,2.7858,0.12,0.22,1,2
8.6591,2.0960,0.11,0.12,2,2
10.6011,8.0438,0.32,0.22,4,4
10.2630,15.6159,0.44,0.12,1,4
15.8507,6.1751,0.70,0.11,3,4
0.1982,0.8503,0.98,0.13,3,3
11.3630,0.9093,0.33,0.25,4,1
16.4546,20.7663,0.57,0.21,2,3
6.1619,7.7277,0.12,0.07,1,3
0.1483,11.1202,0.05,0.17,3,2
3.5413,7.6388,0.77,0.18,1,1
10.8697,23.6073,0.21,0.16,2,4
5.7459,13.4098,0.85,0.24,4,2
18.8518,4.7028,0.87,0.19,1,2
12.2683,14.7760,0.44,0.13,3,4
2.2249,12.9824,0.33,0.13,2,3
22.2881,9.4156,0.53,0.17,1,3
8.5416,12.9715,0.79,0.11,1,4
2.4578,6.6180,0.86,0.13,3,1
5.3604,14.0879,0.61,0.24,1,1
19.3216,11.9837,0.09,0.21,3,1
23.8570,11.8713,0.04,0.19,4,2
2.0171,1.7901,0.04,0.24,2,4
7.5619,10.2392,0.84,0.10,3,4
10.0646,11.2162,0.79,0.13,1,4
10.3646,7.7544,0.99,0.23,2,3
11.4640,9.2926,0.34,0.08,2,2
7.8144,3.9890,0.24,0.17,3,4
27.6302,4.9626,0.02,0.07,4,2
5.4879,17.9054,0.27,0.12,1,4
1.9494,8.7024,0.03,0.22,1,4
9.8432,13.4762,0.37,0.21,1,1
12.7021,14.7985,0.91,0.12,4,2
1.1062,8.7234,0.32,0.23,1,2
14.8957,5.1486,0.00,0.09,4,4
12.2352,6.9600,0.63,0.10,3,4
16.3749,14.3363,0.62,0.08,1,1
16.8248,3.9574,0.06,0.19,1,1
12.1284,2.7347,0.58,0.07,2,4
5.3604,8.7462,0.94,0.22,3,4
5.0719,10.0919,0.29,0.08,2,3
8.0932,9.7845,0.70,0.23,3,1
3.2312,12.2791,0.39,0.15,1,2
14.3036,17.4809,0.19,0.24,2,2
7.1789,12.8128,0.89,0.13,3,3
10.9820,13.6599,0.12,0.07,1,2
20.2834,18.6684,0.99,0.05,4,2
21.7436,10.9879,0.27,0.08,3,4
16.9480,4.2249,0.22,0.12,3,2
12.6951,12.6031,0.50,0.06,1,4
4.5885,9.2997,0.24,0.17,3,1
0.3689,6.8545,0.93,0.15,2,3
18.2884,15.6245,0.63,0.22,4,4
17.3171,13.6009,0.99,0.21,3,4
3.2205,13.4091,0.88,0.23,1,2
12.6634,18.7231,0.63,0.08,4,4
13.7551,6.7753,0.12,0.14,3,3
2.0520,8.0759,0.69,0.11,2,3
7.7966,8.3715,0.23,0.11,4,4
14.6311,8.0995,0.08,0.16,1,4
8.2709,9.0962,0.17,0.21,3,3
11.5397,9.3958,0.98,0.14,1,2
24.2708,12.4396,0.95,0.06,2,2
16.2871,15.2596,0.64,0.21,1,2
6.6959,13.2504,0.57,0.22,2,2
5.7476,19.5265,0.81,0.23,4,2
17.1900,2.7101,0.45,0.14,3,2
11.9122,3.9707,0.69,0.16,2,3
7.5053,11.0321,0.87,0.18,1,3
14.5020,7.3707,0.47,0.14,4,1
6.0517,3.0762,0.07,0.16,2,2
13.6177,7.3177,0.06,0.13,3,4
12.2454,10.6728,0.07,0.21,2,2
0.8985,9.8780,0.50,0.17,1,2
7.0776,17.1663,0.90,0.09,4,2
14.9733,7.2649,0.45,0.09,4,4
9.1069,10.9340,0.93,0.09,1,3
14.5344,7.2673,0.18,0.24,2,1
7.3362,6.6560,0.50,0.13,2,2
21.8376,12.3015,0.90,0.17,1,3
14.1912,9.9857,0.90,0.23,3,3
20.6390,17.4160,0.71,0.13,2,1
14.4364,18.1536,0.15,0.10,4,2
12.1452,13.8535,0.05,0.14,1,2
14.8175,0.2856,0.99,0.08,2,4
5.7079,14.6658,0.66,0.08,2,3
6.2394,10.6856,0.94,0.21,2,2
5.8559,2.2841,0.88,0.12,4,2
12.1006,3.7738,0.73,0.17,4,3
1.1138,6.5894,0.92,0.19,4,2
1.0930,8.4968,0.91,0.14,3,2
2.7939,10.7490,0.19,0.06,4,3
11.0883,8.8781,0.40,0.13,1,3
6.5752,16.5286,0.87,0.19,2,4
