16.6862,11.3553,0.25,0.06,1,3
4.6806,5.4496,0.70,0.23,2,4
11.1725,3.8298,0.24,0.12,1,3
9.1982,6.9812,0.50,0.08,4,4
0.4210,5.6869,0.60,0.07,2,1
18.8343,15.8918,0.92,0.16,1,3
12.4092,16.4719,0.10,0.08,4,3
14.6496,2.3800,0.46,0.20,2,2
4.3798,6.2650,0.42,0.06,1,1
11.9560,4.0600,0.59,0.17,2,1
0.3730,0.6538,0.71,0.14,1,4
6.4259,10.2643,0.73,0.13,2,1
13.2448,13.5120,0.88,0.09,3,1
7.2532,15.7951,0.38,0.17,2,3
4.3244,7.5488,0.80,0.21,4,3
9.3672,9.1835,0.93,0.12,1,1
12.6217,4.1209,0.88,0.17,3,1
18.1753,3.2264,0.47,0.06,3,3
4.0673,10.9438,0.98,0.19,2,3
16.0543,13.6092,0.66,0.11,4,4
8.4156,8.0937,0.32,0.18,4,1
3.9817,21.8535,0.08,0.19,4,3
1.7106,7.0884,0.98,0.15,1,3
12.8799,8.6124,0.64,0.12,3,4
14.0583,15.7628,0.65,0.23,1,1
13.6112,9.6170,0.86,0.23,3,3
12.9738,7.7786,0.92,0.12,2,2
15.1441,11.5100,0.77,0.09,4,2
24.4405,8.8961,0.91,0.12,4,1
10.5112,5.4616,0.30,0.16,2,3
6.9286,8.4624,0.20,0.21,2,3
5.6148,12.1094,0.71,0.24,2,3
6.1422,1.9357,0.86,0.21,4,4
10.9612,16.7203,0.97,0.05,2,1
14.8239,12.8314,0.44,0.24,3,3
17.5185,8.6682,0.51,0.16,2,4
9.6030,5.0378,0.93,0.13,3,4
13.3739,6.9620,0.85,0.23,1,4
8.2372,9.6192,0.46,0.07,2,4
4.5643,13.6499,0.93,0.07,4,3
12.1657,14.7671,0.67,0.25,3,2
16.4486,5.1728,0.29,0.22,3,1
15.5415,9.0308,0.81,0.05,3,4
12.1074,17.0869,0.25,0.19,3,1
8.4102,5.5509,0.50,0.19,2,3
24.3851,3.3319,0.58,0.23,3,2
10.0639,11.6085,0.15,0.23,1,3
10.0380,17.9147,0.71,0.21,3,4
12.6361,10.7607,0.84,0.22,2,1
7.2515,1.5475,0.39,0.05,4,4
18.5842,10.9399,0.59,0.17,2,1
15.0251,18.2335,0.37,0.14,1,1
18.4850,25.0382,0.37,0.16,4,1
6.8238,4.3469,0.49,0.07,3,4
6.5503,10.8959,0.20,0.11,4,3
10.9495,12.9934,0.32,0.22,3,2
19.2766,1.5677,0.02,0.19,3,2
12.1031,3.8313,0.67,0.09,3,3
10.5182,18.2583,0.82,0.11,2,3
14.0921,14.8226,0.50,0.12,2,4
13.4944,0.5003,0.62,0.22,3,4
12.6511,9.1944,0.97,0.21,3,1
3.6332,1.5170,0.59,0.11,4,3
4.2248,15.7624,0.29,0.20,2,1
13.9901,9.4232,0.24,0.09,4,1
9.7455,11.7635,0.32,0.16,3,1
13.1299,13.6973,0.11,0.05,3,4
2.4966,17.3831,0.25,0.11,4,1
14.2649,4.8472,0.61,0.18,2,1
2.3987,4.5677,0.99,0.08,4,4
11.8394,15.8749,0.42,0.18,1,2
7.5264,16.0207,0.47,0.24,3,4
2.8249,6.0366,0.33,0.14,3,4
0.5289,7.7855,0.46,0.09,2,4
2.5869,14.3271,0.24,0.09,1,3
14.7570,8.6980,0.96,0.07,2,2
0.1842,16.9860,0.31,0.24,4,3
8.0487,10.3180,0.78,0.20,4,4
11.9837,17.9743,0.53,0.16,3,3
16.8866,9.0712,0.20,0.23,2,2
13.3226,23.0833,0.10,0.13,3,3
14.1019,11.4782,0.53,0.13,1,2
14.9009,15.3264,0.86,0.23,1,3
16.9656,5.1180,0.51,0.20,1,1
17.4325,17.2711,0.94,0.11,3,1
2.0052,9.4083,0.81,0.21,4,2
2.1420,9.7476,0.04,0.17,1,3
13.5212,1.2966,0.80,0.21,4,3
12.8481,26.0814,0.04,0.14,2,2
6.0316,5.6376,0.69,0.19,4,4
22.4484,5.1367,0.77,0.14,4,4
5.6235,9.5959,0.72,0.18,2,4
14.3381,7.6739,0.31,0.19,3,2
19.0028,0.0919,0.47,0.21,1,4
5.3298,0.2600,0.04,0.20,3,1
11.1587,5.0090,0.51,0.20,2,2
10.5262,0.4201,0.85,0.16,1,4
9.1299,21.9412,0.69,0.15,4,4
16.0219,15.5596,0.07,0.22,4,3
7.7903,14.8919,0.38,0.14,3,1
7.2343,16.6863,0.74,0.07,3,1
10.9631,13.7504,0.95,0.09,1,1
4.1416,7.8315,0.40,0.10,2,2
12.1601,5.6541,0.02,0.22,3,3
7.7449,13.8428,0.69,0.14,1,4
10.9332,10.5239,0.99,0.08,2,2
15.3974,9.5093,0.02,0.24,4,4
22.3322,3.2025,0.84,0.19,1,1
19.1766,18.2428,0.97,0.23,4,4
11.6708,13.7405,0.42,0.19,4,3
10.4288,5.0325,0.70,0.09,3,1
7.1130,5.2727,0.97,0.06,3,2
13.7664,9.8568,0.76,0.18,2,3
9.4165,4.3530,0.31,0.24,4,1
1.3368,6.8139,0.84,0.12,4,3
4.2003,8.9453,0.46,0.08,1,3
18.0052,17.1189,0.39,0.15,2,1
23.9546,18.8760,0.77,0.17,2,1
14.5268,5.6495,0.75,0.21,1,4
0.7288,17.9240,0.47,0.05,4,3
17.4341,1.3006,0.62,0.18,3,4
3.3311,16.2004,0.49,0.18,4,2
15.1639,10.5917,0.36,0.08,3,4
11.3960,8.2175,0.85,0.21,4,4
5.1975,10.3215,0.88,0.15,4,4
9.5163,19.1250,0.55,0.23,1,3
17.4160,12.9965,0.77,0.16,2,1
14.6229,1.3031,0.85,0.18,2,2
3.0487,7.2319,0.28,0.23,3,3
20.0226,12.3991,0.62,0.24,3,1
8.2154,0.7684,0.11,0.13,2,2
15.2884,9.4683,0.04,0.15,3,4
1.8638,15.2160,0.81,0.18,2,4
9.6934,5.2720,0.92,0.07,1,2
11.0352,9.8779,0.88,0.11,1,2
15.5546,7.8524,0.24,0.16,1,2
7.7535,18.4660,0.57,0.16,2,3
7.8586,14.5527,0.70,0.10,1,3
11.8197,0.4123,0.30,0.13,4,1
1.3011,11.0974,0.13,0.07,3,2
9.0550,9.4630,0.67,0.07,2,3
11.0316,16.1070,0.27,0.12,2,3
9.2959,21.7646,0.78,0.22,4,3
5.2942,3.7640,0.98,0.08,1,4
7.3778,9.5347,0.39,0.20,1,2
20.6866,12.0620,0.72,0.25,4,3
14.4998,15.5184,0.52,0.16,1,1
7.0857,10.2480,0.10,0.09,2,2
19.9768,3.9755,0.80,0.10,1,3
8.9564,13.6229,0.34,0.17,3,3
7.1714,19.7027,0.62,0.06,3,4
9.2697,15.5096,0.23,0.10,2,4
19.6172,2.6765,0.50,0.07,2,2
6.5044,15.3631,0.40,0.11,4,4
3.5022,19.9576,0.86,0.09,1,4
9.9346,5.7795,0.08,0.13,3,1
4.2082,3.2297,0.52,0.24,2,1
1.8694,12.7447,0.59,0.23,4,4
5.2052,8.0477,0.81,0.08,4,3
13.5352,4.3074,0.01,0.09,2,1
9.9113,14.6345,0.99,0.19,1,4
11.4687,9.2089,0.74,0.10,3,2
11.4913,23.6640,0.60,0.23,4,4
12.7851,1.5947,0.48,0.22,1,1
11.6936,18.7160,0.14,0.09,4,4
10.8938,4.4733,0.41,0.20,3,3
16.7633,13.7670,0.98,0.20,4,2
10.8428,6.3261,0.71,0.21,1,4
9.2827,2.1963,0.79,0.16,1,1
11.6807,15.0176,0.90,0.06,3,4
16.6685,7.0688,0.62,0.12,1,3
10.1136,12.0175,0.93,0.24,2,4
16.4298,13.6669,0.21,0.24,2,2
11.0926,9.0026,0.04,0.23,4,2
8.6349,2.1371,0.03,0.15,2,4
0.0509,10.9248,0.37,0.07,2,2
6.0285,7.0332,0.40,0.05,3,4
5.8066,6.3317,0.04,0.16,2,3
0.2996,7.5594,0.47,0.24,2,3
16.1880,2.5557,0.73,0.09,4,1
17.9070,16.5135,0.36,0.08,1,1
15.5363,9.7226,0.24,0.11,2,3
11.7228,11.9437,0.74,0.14,4,4
7.4398,8.5905,0.22,0.14,2,4
15.8771,9.0352,0.29,0.25,2,1
2.5870,25.9222,0.30,0.10,4,3
10.4966,10.9951,0.82,0.20,3,1
16.4253,3.7222,0.72,0.16,3,1
12.0987,12.8127,0.82,0.11,1,4
7.2343,13.1679,0.32,0.10,4,4
17.4557,11.0747,0.03,0.12,2,4
1.4767,8.4033,0.25,0.11,1,3
15.9257,5.3507,0.47,0.13,1,2
7.1946,7.4963,0.71,0.15,4,3
1.4909,6.3596,0.86,0.12,2,1
5.0152,6.8388,0.42,0.05,2,4
15.1956,8.3267,0.58,0.07,4,3
11.0887,9.6853,0.24,0.23,2,4
13.6307,10.2735,0.41,0.11,2,2
14.0995,8.7565,0.33,0.06,2,1
5.7986,5.9187,1.00,0.20,1,3
8.0970,1.1314,0.42,0.15,4,3
10.1873,11.0074,0.91,0.18,4,4
7.1097,20.7271,0.24,0.07,4,3
7.3086,3.4905,0.72,0.06,4,1
20.2665,7.5464,0.92,0.24,2,2
9.0212,5.5267,0.25,0.22,3,4
0.4544,3.6260,0.97,0.11,3,4
14.2394,3.4102,0.65,0.07,1,3
17.9165,16.0495,0.41,0.15,2,4
19.5070,14.7855,0.10,0.21,3,2
11.7483,9.7580,0.72,0.24,1,1
1.9360,9.5945,0.05,0.22,1,3
4.7232,4.4731,0.41,0.24,3,4
4.8335,1.8570,0.68,0.12,3,1
8.3383,18.6040,0.30,0.22,4,3
9.0955,8.4047,0.30,0.20,4,4
17.8461,8.8636,0.95,0.24,1,3
17.9148,5.8591,0.64,0.09,4,1
5.7319,5.6767,0.34,0.12,2,4
0.6374,5.0256,0.81,0.10,1,1
0.4678,21.0394,0.45,0.09,4,4
11.8723,6.3072,0.71,0.13,2,1
0.4582,3.5051,0.40,0.11,2,1
9.1216,8.2007,0.58,0.06,2,3
3.3315,1.5764,0.74,0.17,3,2
6.3481,10.8410,0.32,0.18,4,3
11.2097,7.6889,0.76,0.08,2,1
7.7278,15.9980,0.35,0.24,1,2
18.6896,12.4272,0.52,0.24,4,1
8.5724,6.6807,0.04,0.07,2,1
5.0581,3.4584,0.13,0.15,3,1
7.1822,1.7987,0.03,0.17,1,2
4.5187,5.3440,0.79,0.19,1,1
16.0869,9.2141,0.72,0.05,4,3
11.1724,0.2079,0.09,0.18,2,4
19.8861,16.8507,0.50,0.19,3,1
16.0947,13.2734,0.09,0.25,4,3
1.1500,11.9857,0.75,0.14,1,3
8.4248,7.3325,0.70,0.15,4,1
9.8833,4.2526,0.22,0.11,2,3
10.5376,14.0633,0.93,0.23,1,2
8.8697,8.4334,0.85,0.13,4,3
23.5702,4.6839,0.11,0.08,1,1
9.2237,10.7152,0.04,0.21,1,3
11.7844,0.5230,0.03,0.20,2,1
10.1142,23.1534,0.06,0.15,2,1
2.2622,20.0192,0.66,0.11,2,1
20.4526,11.0846,0.52,0.20,2,2
10.4860,8.6355,0.72,0.12,2,3
15.5973,6.6863,0.18,0.06,4,4
3.9161,10.6596,0.96,0.08,1,4
0.9377,13.9141,0.92,0.10,3,4
9.2837,10.6168,0.01,0.15,1,1
11.9296,8.0097,0.24,0.06,3,1
10.1599,4.5518,0.58,0.23,4,4
9.1911,8.3662,0.80,0.15,4,1
8.5897,13.4490,0.82,0.22,3,1
9.0599,17.6383,0.41,0.09,3,1
2.7702,3.6904,0.52,0.07,1,1
6.2364,10.3639,0.63,0.15,4,4
11.7309,6.3648,0.98,0.06,2,4
14.0385,9.9393,0.51,0.12,1,3
11.2206,13.7246,0.47,0.20,1,2
17.3470,1.7664,0.92,0.18,1,4
17.6438,12.5166,0.65,0.12,2,4
15.2558,4.5123,0.65,0.07,4,2
11.3361,9.8643,0.96,0.20,1,3
10.9082,17.1753,0.21,0.13,2,3
6.1520,2.4731,0.71,0.10,3,1
9.3867,4.8230,0.30,0.08,1,3
5.9434,13.1919,0.04,0.20,4,4
14.9910,14.8242,0.41,0.08,3,3
5.5570,14.3049,0.35,0.06,2,3
18.3439,3.0211,0.42,0.18,2,1
3.1215,7.0235,0.40,0.21,2,3
12.4405,22.6614,0.96,0.17,1,3
19.6002,7.0345,0.08,0.12,3,3
13.8790,4.6793,0.10,0.13,4,3
16.7503,2.7658,0.77,0.07,1,3
13.6373,18.2159,0.02,0.25,2,3
16.3168,7.5019,0.35,0.12,3,2
11.5357,25.2406,0.37,0.06,1,4
9.9499,5.7315,0.11,0.19,1,3
8.5672,11.3070,0.26,0.19,2,2
24.9259,11.8603,0.59,0.09,1,3
15.7146,5.0024,0.42,0.16,3,2
13.4714,6.2684,0.37,0.21,4,4
13.7138,7.8724,0.49,0.12,3,2
6.8199,23.6808,0.73,0.20,4,1
0.4594,8.5833,0.07,0.23,1,3
19.4330,9.5369,0.26,0.08,4,3
8.8534,14.8737,0.00,0.20,2,1
11.8879,1.9784,0.86,0.13,4,4
14.6549,4.5513,0.64,0.20,4,2
0.3958,11.8161,0.39,0.11,1,2
6.2493,11.7347,0.78,0.21,1,2
17.0424,16.4187,0.39,0.11,4,4
18.6612,5.2302,0.71,0.08,1,3
3.7465,14.5719,0.16,0.15,1,2
13.8083,12.6819,0.90,0.06,3,4
14.5208,10.2920,0.23,0.16,2,4
12.0880,10.5139,0.53,0.13,1,2
4.7725,13.1825,0.89,0.08,2,4
17.2610,18.2420,0.06,0.22,2,3
11.1708,10.5806,0.97,0.24,3,3
15.5722,2.0855,0.48,0.10,1,1
9.1746,19.2170,0.60,0.06,1,4
15.5463,3.5391,0.62,0.09,1,4
1.0591,4.6116,0.65,0.18,2,3
13.4864,25.5500,0.87,0.11,4,2
8.8354,24.4188,0.64,0.22,3,1
8.8094,9.8852,0.69,0.10,4,4
12.2922,6.5739,0.41,0.11,3,4
7.2281,6.1491,0.29,0.16,1,3
15.1068,5.1237,0.85,0.15,1,1
11.5628,11.7094,0.78,0.12,4,1
2.0201,1.0372,0.79,0.13,4,2
1.7693,4.1737,0.93,0.15,1,3
18.5432,15.1224,0.24,0.12,3,4
12.4975,0.2534,0.74,0.16,3,3
7.2792,11.8142,0.67,0.24,1,1
16.0792,7.6587,0.42,0.10,4,3
6.2200,7.9024,0.66,0.06,1,4
7.3558,7.8295,0.01,0.17,1,1
2.2517,14.8280,0.81,0.22,1,3
4.4979,14.7795,0.00,0.13,2,2
12.2250,7.3098,0.88,0.06,3,3
2.0293,5.2114,0.20,0.08,3,1
8.2734,8.9953,0.82,0.11,2,4
8.1603,21.2830,0.57,0.13,4,1
12.1862,0.3299,0.07,0.10,2,2
4.5098,14.5379,0.87,0.25,4,1
18.9912,2.8392,0.64,0.21,4,3
18.1218,14.1382,0.32,0.06,3,3
8.6263,3.4782,0.35,0.13,3,1
1.5697,0.3426,0.55,0.14,3,1
17.2077,12.6276,0.29,0.18,1,3
8.9019,1.6679,0.15,0.10,4,1
7.8955,10.4783,0.81,0.06,3,4
17.4533,11.6109,0.75,0.09,3,4
12.4502,16.8294,0.32,0.14,3,1
9.5444,15.7785,0.15,0.06,1,1
2.8781,22.3093,0.10,0.14,1,2
6.0003,11.9718,0.46,0.19,1,3
3.5068,1.5531,0.85,0.19,1,4
10.7874,19.6589,0.11,0.11,2,4
20.7963,10.7817,0.53,0.24,3,3
14.0176,20.5852,0.34,0.19,1,4
11.2190,5.8197,0.54,0.24,2,3
8.7559,5.5566,0.22,0.17,3,4
10.8549,0.6169,0.88,0.21,4,3
16.9135,19.4857,0.83,0.16,4,2
7.8339,7.2330,0.32,0.12,1,4
9.5685,10.9002,0.89,0.24,1,2
11.9579,9.0794,0.97,0.11,3,3
14.3761,9.0337,0.34,0.12,2,2
5.0852,1.8666,0.84,0.15,4,1
3.2699,8.2308,0.05,0.09,3,3
12.7682,1.2065,0.37,0.16,1,2
11.0319,15.9298,0.13,0.12,3,2
6.9931,10.5417,0.01,0.16,4,4
6.5934,13.4849,0.09,0.19,3,4
18.4369,4.9714,0.07,0.06,1,2
8.8452,2.8713,0.60,0.13,2,3
16.1659,16.2224,0.82,0.23,2,1
0.7461,6.4009,0.42,0.16,3,4
1.5935,11.6099,0.94,0.07,2,1
12.0671,8.4273,0.64,0.07,2,4
17.0178,21.0639,0.40,0.21,4,1
8.1516,11.9097,0.43,0.11,4,1
11.0332,13.5025,0.22,0.23,1,2
6.5065,9.7780,0.07,0.18,2,2
11.8709,12.8757,0.66,0.06,1,4
3.8390,16.6969,0.82,0.09,3,3
21.7111,1.2604,0.58,0.06,2,4
5.3234,4.7401,0.95,0.10,2,1
8.0811,13.3854,0.96,0.10,4,2
8.7817,4.5126,0.64,0.14,1,3
15.1353,4.9103,0.72,0.07,1,4
21.8420,0.0397,0.09,0.08,4,2
9.1344,11.3532,0.42,0.13,4,2
11.1531,16.5067,0.92,0.17,1,2
16.6651,9.9315,0.25,0.10,3,1
5.2642,7.1437,0.65,0.14,2,3
13.4486,14.4313,0.97,0.18,4,4
9.3917,9.4794,0.37,0.05,1,1
8.1548,4.5088,0.75,0.19,4,2
6.8074,9.4028,0.50,0.11,3,1
14.1063,6.6632,0.74,0.18,4,2
0.7754,6.5624,0.37,0.09,2,3
10.9883,2.8757,0.60,0.15,4,3
6.6698,6.9050,0.01,0.08,4,1
12.4872,10.1702,0.53,0.15,4,3
2.0789,16.6946,0.98,0.23,2,3
12.0070,7.9502,0.33,0.08,4,4
6.6146,9.8980,0.70,0.23,3,4
9.0199,8.5590,0.03,0.17,4,2
11.4448,17.8883,0.42,0.20,4,1
1.3164,2.4044,0.78,0.12,4,3
23.6316,5.4016,0.78,0.19,4,4
7.5604,7.9521,0.43,0.20,3,4
8.6537,15.7127,0.31,0.06,2,1
2.9699,10.6736,0.45,0.15,2,1
11.1228,11.9223,0.05,0.12,1,1
18.0142,12.0689,0.36,0.06,4,4
20.2590,8.6879,0.93,0.15,2,1
2.0866,13.4480,0.86,0.10,2,3
8.8226,1.7562,0.25,0.18,4,3
7.8955,16.2698,0.33,0.06,1,3
13.5828,5.6668,0.77,0.23,4,3
13.5965,17.9355,0.07,0.09,3,1
20.9227,13.0210,0.96,0.07,3,1
8.3176,5.2255,0.99,0.25,1,2
13.8368,2.3583,0.27,0.17,3,1
11.2286,10.1675,0.73,0.08,2,1
0.6142,20.6641,0.69,0.08,4,4
17.0959,12.8220,0.22,0.22,4,4
7.8038,7.5779,0.31,0.22,1,3
3.1199,1.1894,0.29,0.05,2,2
11.5128,10.0633,0.95,0.08,3,1
12.0814,5.4147,0.41,0.11,2,2
0.7982,3.3414,0.73,0.16,4,4
10.5499,9.6653,0.00,0.09,3,4
13.8423,9.2932,0.24,0.19,4,4
19.6688,4.6239,0.38,0.09,1,4
14.0980,20.7038,0.87,0.12,2,1
17.2966,7.3344,0.78,0.05,4,3
11.4082,9.9196,0.28,0.06,4,2
10.7250,26.8090,0.74,0.11,3,3
4.4809,9.1983,0.49,0.21,3,4
15.8415,5.7846,0.60,0.08,2,2
10.9031,15.0135,0.79,0.05,3,1
8.8084,1.6283,0.68,0.08,1,4
4.6875,6.7088,0.47,0.10,2,3
8.5152,11.8863,0.36,0.23,3,4
4.2174,1.4639,0.90,0.10,1,2
1.8632,3.2835,0.89,0.22,4,3
11.4059,7.3035,0.74,0.23,2,3
15.4133,9.7445,0.35,0.16,1,2
8.1247,9.2776,0.41,0.14,4,2
13.3274,6.4961,0.38,0.07,3,2
6.3112,4.3725,0.18,0.13,3,1
8.8503,13.9517,0.82,0.09,3,2
12.6861,9.2968,0.10,0.23,4,1
14.8020,9.6189,0.53,0.16,4,2
10.7539,3.6334,0.12,0.22,2,4
14.4976,19.5211,0.91,0.15,2,3
8.8845,12.4861,0.64,0.13,4,2
16.3878,15.5008,0.23,0.09,4,2
12.2539,3.6342,0.24,0.07,4,4
13.1386,3.8820,0.86,0.14,4,1
3.0103,16.4459,0.19,0.14,2,3
14.2495,8.5865,0.97,0.10,2,4
0.1714,9.0302,0.87,0.13,1,3
6.1864,5.0963,0.15,0.09,4,2
7.8383,10.2006,0.08,0.06,3,1
11.9569,1.0851,0.32,0.21,4,3
5.6216,9.9135,0.79,0.18,2,4
6.8937,4.5564,0.46,0.07,3,3
18.0525,9.8043,0.26,0.24,2,3
13.4048,13.5392,0.69,0.05,3,1
6.3327,9.6658,0.16,0.22,1,3
15.7502,10.8716,0.48,0.22,1,2
4.4730,11.9445,0.61,0.09,4,2
19.7491,8.3591,0.57,0.13,3,3
8.8745,11.9742,0.44,0.21,2,4
11.3454,18.8822,0.68,0.24,2,2
6.0620,8.8980,0.70,0.08,4,4
5.2758,17.1021,0.93,0.10,4,3
15.9678,14.6062,0.83,0.11,2,1
15.6058,6.2260,0.31,0.19,1,4
6.2887,8.0522,0.49,0.13,2,3
10.3949,18.1200,0.90,0.11,1,3
12.2764,22.0642,0.47,0.21,2,1
14.7790,6.4882,0.30,0.15,3,3
1.8856,2.2563,0.09,0.08,2,4
10.6303,18.5672,0.79,0.11,4,2
17.2824,14.7225,0.01,0.09,4,3
13.3672,6.1670,0.65,0.15,4,2
4.5451,17.8006,0.60,0.25,4,4
0.4328,1.5832,0.48,0.24,1,2
13.8708,10.9807,0.41,0.14,4,3
8.6466,6.9338,0.73,0.07,2,1
3.2138,8.1006,0.20,0.12,3,3
7.3860,1.4185,0.47,0.13,2,3
7.6654,17.9631,0.72,0.14,4,3
2.7674,0.6242,0.93,0.17,2,1
7.9646,4.7077,0.28,0.18,4,1
0.4290,14.3027,0.25,0.09,2,1
4.8656,12.9880,0.83,0.18,2,3
10.8395,15.3797,0.81,0.17,4,1
22.2200,10.0847,0.90,0.15,4,4
10.7131,19.7733,0.02,0.25,1,2
4.9949,12.3233,0.68,0.23,2,3
15.3036,13.2419,0.57,0.14,4,1
2.7694,6.6705,0.05,0.13,3,4
14.5079,6.7240,0.10,0.08,1,1
20.0196,12.2313,0.94,0.17,3,4
17.9940,0.8543,0.52,0.22,1,3
