14.3517,26.3748,0.19,0.13,1,2
13.9208,14.9758,0.81,0.20,1,3
2.2664,10.9511,0.80,0.11,2,3
13.9827,14.7379,0.66,0.14,4,2
13.0491,11.4530,0.49,0.17,1,1
9.6628,16.2583,0.53,0.22,1,3
5.9102,15.0244,0.40,0.10,2,4
3.9518,9.3372,0.02,0.12,2,3
14.4698,11.9985,0.76,0.12,2,1
13.2080,14.6193,0.06,0.15,1,1
13.5492,17.6669,0.54,0.20,1,1
9.6462,6.3747,0.56,0.08,4,2
7.5792,6.7918,0.76,0.25,2,3
16.8931,10.0749,0.44,0.06,1,3
2.6489,7.7452,0.73,0.10,4,4
11.1212,3.0375,0.50,0.11,4,1
2.0000,7.2882,0.88,0.06,1,4
13.6854,19.0609,0.18,0.15,1,3
5.3892,4.0835,0.42,0.10,1,2
13.7612,5.6638,0.03,0.20,2,3
9.3881,9.5024,0.02,0.13,3,3
10.1336,18.0169,0.77,0.22,2,3
18.0296,16.8948,0.89,0.17,4,4
16.3669,1.6503,0.89,0.09,2,3
9.7997,19.9557,0.98,0.17,4,4
8.9650,4.9894,0.50,0.20,1,2
16.9224,7.5507,0.03,0.17,1,4
9.7240,6.3530,0.09,0.19,4,1
16.5344,16.6149,0.09,0.24,1,4
14.1551,18.4114,0.36,0.24,4,2
8.6683,11.0606,0.72,0.23,1,3
13.5911,2.2360,0.49,0.18,1,1
3.2542,7.5695,0.12,0.07,2,3
5.9822,5.1955,0.94,0.25,3,1
16.8110,12.3870,0.43,0.21,4,1
15.3156,12.2068,0.05,0.25,3,4
17.4097,7.0485,0.58,0.12,4,2
13.7263,16.0874,0.29,0.08,4,1
9.2071,7.9223,0.49,0.17,3,1
10.1143,3.8666,0.03,0.11,1,3
9.8499,19.9656,0.59,0.15,4,1
4.6211,13.1650,0.77,0.16,3,3
0.5520,11.7355,0.43,0.18,2,1
20.7360,0.3112,0.70,0.20,2,2
12.1833,2.9699,0.30,0.10,2,1
13.6132,6.4299,0.13,0.06,3,2
13.0215,14.2495,0.88,0.12,3,4
11.3287,7.0521,0.77,0.23,1,2
6.2517,5.1260,0.42,0.06,4,3
20.1320,19.9348,0.96,0.22,3,2
6.7598,11.9327,0.57,0.11,3,2
7.1875,13.1139,0.39,0.06,1,2
5.1982,5.4290,0.41,0.10,4,4
0.5693,3.3301,0.88,0.12,4,3
10.9879,15.0068,0.57,0.16,3,2
16.1539,5.8432,0.29,0.13,1,3
8.8895,17.6795,0.83,0.14,2,3
6.0205,17.9394,0.83,0.08,1,4
8.2340,13.7606,0.40,0.19,3,1
8.6307,12.5292,0.14,0.13,1,3
11.1524,2.7487,0.11,0.11,3,2
10.7288,12.5539,0.23,0.22,1,2
23.4745,10.0857,0.77,0.19,1,3
4.7880,9.5347,0.58,0.20,4,3
2.8030,12.3712,0.08,0.08,2,4
2.1368,10.9677,0.80,0.18,1,2
12.4032,8.0827,0.73,0.14,2,1
11.8665,5.0157,0.44,0.08,1,1
3.3283,6.7451,0.50,0.09,3,3
0.4646,1.4418,0.98,0.15,4,4
7.6090,9.3180,0.40,0.19,3,2
10.3288,10.0057,0.87,0.20,1,3
2.3123,19.2113,0.23,0.22,2,2
15.3127,5.3086,0.71,0.18,4,4
4.8111,4.9551,0.26,0.19,2,3
10.8413,12.3917,0.01,0.24,3,4
6.8433,13.6547,0.23,0.18,2,1
13.2136,16.0749,0.75,0.22,1,1
11.7352,9.4681,0.62,0.07,1,3
8.6164,12.7748,0.19,0.11,2,3
20.4658,16.7210,0.55,0.23,1,2
2.0158,13.2483,0.41,0.08,1,1
14.4069,9.1956,1.00,0.24,1,2
8.8387,11.1033,0.39,0.11,2,4
15.5974,7.8455,0.85,0.18,2,3
19.9974,12.6165,0.45,0.05,3,1
5.9526,17.3090,0.76,0.18,3,4
9.6321,7.3063,0.21,0.19,1,4
10.6575,12.1392,0.58,0.09,1,4
13.3637,8.9454,0.11,0.08,1,1
7.3621,11.7217,0.97,0.08,4,2
7.5027,5.3295,0.23,0.20,2,1
3.1383,4.9119,0.52,0.14,1,1
8.3680,12.8102,0.86,0.14,4,4
14.8195,2.8316,0.99,0.13,4,2
3.8877,3.6639,0.22,0.05,3,2
4.4709,6.8614,0.47,0.09,1,2
8.9927,7.9835,0.64,0.12,4,3
15.8403,8.1460,0.78,0.19,4,2
12.2825,9.7763,0.78,0.14,3,3
6.0252,4.9481,0.27,0.13,2,1
4.1929,13.6614,0.05,0.11,1,2
17.4554,8.4995,0.67,0.13,4,2
15.3718,3.6484,0.74,0.20,3,1
9.3648,9.0007,0.96,0.07,1,3
8.0725,14.2529,0.43,0.17,3,4
18.3971,11.8396,0.50,0.24,4,1
15.7673,0.7608,0.36,0.18,4,4
11.8999,5.8792,0.37,0.16,4,4
9.9719,5.9846,0.93,0.06,3,1
10.8882,13.7513,0.69,0.12,4,2
3.5426,2.6661,0.97,0.17,2,4
16.2134,14.1212,0.26,0.06,4,1
2.9770,0.1848,0.24,0.23,1,4
1.5877,11.0443,0.56,0.10,2,4
11.1244,23.4685,0.51,0.13,1,2
15.6369,8.3675,0.23,0.22,3,4
17.1296,14.5686,0.09,0.25,1,3
9.4823,10.2086,0.31,0.13,1,4
2.7077,21.8038,0.71,0.23,2,2
8.3125,5.5829,0.93,0.15,1,1
2.7825,8.8131,0.20,0.12,3,2
9.1420,13.8069,0.11,0.11,1,1
15.8710,1.6542,0.54,0.16,3,1
3.0836,12.1707,0.62,0.11,2,3
10.5695,15.5967,0.14,0.14,3,2
7.1119,10.2303,0.16,0.21,3,3
14.2261,10.6514,0.53,0.15,2,3
0.3850,21.9859,0.75,0.16,4,2
11.7041,12.8566,0.28,0.24,1,1
13.0333,6.6417,0.18,0.23,1,1
0.3449,9.4088,0.22,0.22,4,1
10.5824,23.1828,0.14,0.24,4,2
1.8852,20.1042,0.43,0.12,2,2
15.8537,2.9209,0.69,0.08,4,4
12.3381,13.1008,0.01,0.16,1,4
15.9974,2.1428,0.58,0.13,3,3
12.7546,19.2203,0.21,0.14,3,2
5.2223,4.5464,0.28,0.25,3,4
5.5772,11.3465,0.07,0.16,1,2
10.6082,17.7222,0.71,0.06,1,2
6.6779,8.1340,0.74,0.22,2,1
11.4129,17.1215,0.27,0.10,3,2
4.1767,3.7516,0.08,0.25,2,4
8.6268,10.2080,0.25,0.14,4,1
4.4656,4.6244,0.03,0.19,1,2
11.6256,10.3280,0.32,0.22,1,1
6.4251,9.2699,0.37,0.20,1,3
15.6280,9.8879,0.31,0.24,3,4
2.0090,5.6455,0.61,0.20,1,2
12.3653,8.3149,0.69,0.24,2,2
11.8867,15.2930,0.23,0.13,1,2
4.3069,18.3750,0.68,0.21,2,2
1.5867,10.0531,0.16,0.25,2,1
1.4963,13.4863,0.02,0.13,2,2
12.0288,20.7429,0.25,0.12,3,2
5.1582,3.2927,0.53,0.15,1,1
8.8382,7.5973,0.43,0.13,2,1
17.4602,10.9299,0.59,0.14,4,2
5.0997,8.2851,0.22,0.11,3,4
6.0964,17.2050,0.29,0.19,1,3
15.8688,10.0430,0.84,0.25,2,4
9.7177,9.3383,0.07,0.20,2,3
14.2047,13.6862,0.41,0.24,3,2
1.0574,8.1756,0.94,0.17,3,4
7.6801,9.9924,0.42,0.06,3,2
13.9574,19.1726,0.32,0.13,1,3
7.8525,8.4261,0.78,0.14,2,3
23.6507,3.2548,0.80,0.15,4,2
11.2913,4.2378,0.04,0.21,2,2
5.5165,1.3831,0.09,0.09,4,4
11.6300,4.0487,0.64,0.13,2,2
23.4989,0.9287,0.91,0.20,2,4
6.2435,6.4195,0.14,0.19,1,2
2.1411,5.0734,0.67,0.20,4,2
12.8410,10.9044,0.37,0.16,1,3
0.3974,0.1570,0.06,0.14,1,3
9.2801,6.9755,0.48,0.08,4,2
9.5384,16.3226,0.62,0.05,1,1
1.1660,0.9601,0.86,0.24,1,4
4.6139,7.8437,0.18,0.14,1,2
11.3337,0.1174,0.69,0.12,4,1
3.5579,15.6506,0.76,0.14,2,2
10.7541,7.3460,0.03,0.11,4,1
15.9338,11.3794,0.56,0.19,1,1
11.3928,16.3437,0.29,0.07,1,1
10.6846,3.7761,0.67,0.10,3,2
18.0679,4.2398,0.90,0.15,3,4
10.8363,4.4329,0.55,0.11,4,3
6.9809,3.5354,0.62,0.12,4,4
7.7812,15.3417,0.43,0.07,3,2
11.7484,8.0051,0.04,0.25,1,2
2.6804,18.9048,0.08,0.12,2,3
18.4797,12.9987,0.08,0.13,3,2
8.0248,0.5896,0.51,0.12,2,3
12.3345,0.2554,0.03,0.06,2,3
15.0721,6.3635,0.70,0.24,4,1
3.3603,9.7234,0.75,0.11,2,2
10.8088,8.8794,0.90,0.15,1,4
12.4320,4.3086,0.11,0.21,1,1
