15.4487,4.0466,0.34,0.20,4,3
7.5253,8.9022,0.79,0.10,3,2
6.8914,5.8836,0.50,0.24,1,4
7.5248,11.8356,0.32,0.12,2,2
17.3483,12.9563,0.54,0.15,4,4
9.2026,4.4374,0.70,0.06,3,2
10.9138,7.6146,0.71,0.17,4,1
15.8970,12.2831,0.47,0.18,4,1
6.2162,9.8566,0.78,0.10,4,3
13.6988,10.3269,0.52,0.13,4,3
14.7884,11.8616,0.92,0.18,1,4
20.2509,9.5142,0.80,0.22,4,4
15.4093,12.9781,0.91,0.18,2,1
16.4068,3.3324,0.28,0.22,2,2
3.7740,8.9142,0.13,0.07,2,2
8.5724,8.8024,0.30,0.20,1,1
18.6484,8.0098,0.31,0.14,3,1
1.1320,16.3898,0.08,0.22,4,1
1.9426,0.4362,0.29,0.14,2,2
14.9466,9.8718,0.79,0.25,3,3
18.0255,11.0722,0.80,0.12,3,4
14.7294,1.6182,0.55,0.14,1,4
2.7131,8.4222,0.14,0.08,3,1
8.1460,11.5542,0.24,0.05,3,4
2.8158,14.0438,0.82,0.18,1,1
1.6962,15.5824,0.11,0.07,3,1
17.3552,10.8669,0.15,0.16,1,4
19.5034,10.7710,0.13,0.19,4,1
15.5552,15.1500,0.69,0.12,1,3
5.4935,7.5682,0.06,0.10,3,4
15.6671,14.2015,0.50,0.09,3,1
9.4556,17.5585,0.29,0.17,1,3
24.5625,21.7821,0.03,0.12,3,4
7.5102,12.0590,0.35,0.22,2,1
14.3760,21.9875,1.00,0.16,1,3
15.8805,1.9110,0.57,0.21,4,3
9.7095,4.0815,0.94,0.20,3,3
4.8509,6.2256,0.79,0.07,1,4
7.5051,16.0402,0.87,0.10,2,4
18.6508,9.4242,0.07,0.21,3,4
5.1642,6.7195,0.03,0.20,4,1
2.8625,7.5648,0.26,0.17,2,4
4.2973,16.7066,0.15,0.19,2,1
9.1240,13.5940,0.17,0.17,3,3
8.6517,10.3062,0.08,0.17,4,2
11.2330,8.5952,0.01,0.05,3,4
10.1632,6.2897,0.32,0.21,1,2
15.0477,10.8881,0.85,0.18,3,1
4.4522,12.2970,0.43,0.19,2,1
7.6448,7.5633,0.63,0.13,2,2
9.8942,1.6029,0.13,0.18,3,4
15.0440,16.2902,0.47,0.20,4,1
9.8648,15.1260,0.65,0.09,3,1
10.9888,9.8199,0.66,0.17,2,3
12.3040,19.2995,0.48,0.09,3,4
7.3601,14.6212,0.54,0.08,1,1
8.6941,3.7050,0.20,0.19,2,1
15.1810,11.9504,0.24,0.22,2,3
17.4619,18.3114,0.02,0.09,2,3
18.9597,9.4211,0.49,0.10,4,4
9.3406,6.2922,0.97,0.23,2,2
7.6292,7.4784,0.60,0.09,2,1
10.9149,14.0223,0.21,0.13,1,2
3.2081,5.4665,0.79,0.12,3,4
4.3274,19.6333,0.83,0.21,2,4
14.4842,12.6387,0.46,0.16,4,4
17.5658,10.2666,0.72,0.16,2,4
22.3970,12.1571,0.80,0.12,1,4
24.4907,6.6189,0.61,0.14,4,2
14.8151,8.9885,0.08,0.13,2,1
8.0355,9.6906,0.29,0.11,2,1
10.7191,0.9243,0.27,0.08,4,1
9.7188,7.2967,0.80,0.16,1,2
9.1208,2.3865,0.29,0.08,3,4
18.5467,0.8359,0.91,0.14,4,3
12.3805,13.6398,0.53,0.11,2,1
12.8014,18.0497,0.05,0.21,3,2
9.8706,8.4374,0.95,0.16,3,3
8.6811,23.2421,0.21,0.16,3,2
10.1373,8.9778,0.22,0.06,1,4
13.9822,11.7766,0.92,0.19,2,3
13.1438,7.9044,0.79,0.15,3,1
17.6164,18.0289,0.06,0.25,1,1
11.5061,13.9224,0.48,0.13,4,4
15.4403,5.1516,0.36,0.11,4,3
10.3819,8.0932,0.95,0.09,3,4
6.8477,19.1438,0.43,0.19,1,1
11.6483,8.3794,0.41,0.06,2,4
9.0575,16.2558,0.66,0.05,3,1
15.6787,4.6007,0.23,0.19,2,2
5.6969,12.7563,0.37,0.16,4,2
5.9148,20.0973,0.05,0.06,4,3
13.3909,14.6917,0.81,0.07,3,4
12.9167,12.6680,0.43,0.07,1,1
11.6860,6.6946,0.57,0.10,3,4
11.1898,0.0223,0.11,0.08,1,3
16.9152,8.4955,0.60,0.24,1,1
7.2189,11.0353,0.43,0.22,3,1
1.2446,15.5628,0.61,0.09,2,2
15.7754,3.9638,0.53,0.16,2,2
18.8788,17.1565,0.06,0.18,3,4
19.1234,7.8683,0.85,0.23,3,3
13.4364,8.7955,0.52,0.13,2,3
7.4276,14.0096,0.70,0.09,3,1
8.4553,4.2103,0.05,0.17,4,1
1.9358,12.2904,0.14,0.19,4,3
8.9063,14.8612,0.15,0.13,1,1
2.2432,5.7858,0.69,0.08,1,1
16.4530,11.7428,0.96,0.24,3,1
16.5919,15.3375,0.25,0.13,1,4
17.6119,11.8705,0.31,0.24,3,3
4.2698,9.4308,0.27,0.21,1,3
3.8820,13.4654,0.02,0.15,1,1
18.6813,5.0011,0.24,0.12,2,4
16.8068,4.6531,0.47,0.11,3,3
2.0047,15.2725,0.40,0.08,3,4
8.8264,4.1661,0.20,0.25,2,1
8.0330,8.5126,0.95,0.07,4,2
12.8434,7.7379,0.87,0.11,3,3
10.7173,8.0911,0.63,0.19,1,2
19.4583,10.1176,0.15,0.19,1,1
6.7787,3.8475,0.35,0.19,2,1
9.9968,24.5615,0.99,0.09,3,4
11.5077,3.3707,0.69,0.23,2,2
6.7581,6.9624,0.84,0.24,2,1
8.0934,5.7532,0.63,0.15,3,2
8.8941,20.6245,0.48,0.13,3,1
16.4455,11.3459,0.90,0.16,4,2
16.9742,5.9133,0.10,0.19,3,4
12.1231,8.7560,0.13,0.05,1,4
13.1112,16.7215,0.76,0.24,3,1
4.8963,3.7469,0.29,0.07,2,4
10.1792,6.5451,0.88,0.11,2,4
4.6158,19.9841,0.48,0.15,2,4
0.1163,0.9370,0.50,0.12,4,4
10.1346,20.2089,0.86,0.16,1,1
11.3812,14.0532,0.45,0.14,2,4
4.3503,3.8996,0.18,0.15,3,1
4.0265,6.6552,0.34,0.19,3,1
5.7746,7.8011,0.99,0.13,1,2
7.0835,11.6608,0.98,0.14,2,2
4.5111,7.1635,0.06,0.13,4,3
10.8482,20.9330,0.53,0.17,2,1
14.0401,6.8930,0.58,0.19,4,3
13.7609,6.1251,0.63,0.06,3,4
10.9004,18.7166,0.83,0.15,4,2
8.7340,5.9832,0.63,0.20,2,2
18.5394,9.9493,0.75,0.16,3,1
11.6396,5.7181,0.90,0.22,4,4
10.2456,0.0050,0.84,0.06,3,2
6.8043,8.7266,0.84,0.13,1,3
4.5050,8.1423,0.33,0.16,4,3
9.1316,7.4547,0.33,0.15,2,3
13.5860,5.2227,0.58,0.16,3,4
3.5945,2.7341,0.23,0.08,3,4
15.0325,16.4186,0.90,0.21,1,1
2.5947,11.4211,0.29,0.06,1,3
6.7440,9.4697,0.77,0.22,1,3
20.8770,9.0048,0.88,0.20,3,3
7.2936,3.0993,0.39,0.20,2,4
7.1165,18.4582,0.21,0.12,3,3
3.7881,9.3162,0.28,0.25,3,4
16.2216,15.4672,0.43,0.23,4,2
14.9360,3.1560,0.17,0.06,1,4
16.0437,7.8512,0.92,0.06,1,1
14.5145,14.6688,0.76,0.06,4,2
5.2735,5.8907,0.16,0.17,2,1
8.5772,8.8343,0.05,0.08,1,1
4.7133,11.6337,0.33,0.21,1,2
13.5127,5.1105,0.95,0.05,4,4
7.1748,5.4113,0.80,0.20,2,3
7.8175,22.2239,0.11,0.08,1,2
13.9251,24.9695,0.50,0.06,1,2
6.1940,22.2131,0.45,0.05,1,3
6.6873,2.4361,0.97,0.16,2,2
6.2923,13.8251,0.16,0.23,3,3
10.2391,11.3891,0.25,0.12,1,2
9.5220,9.4126,0.58,0.09,3,4
8.8646,7.8025,0.91,0.09,2,1
18.6839,19.2271,0.68,0.07,1,4
7.9864,4.6552,0.72,0.11,4,4
12.3560,14.5418,0.12,0.10,1,4
1.9168,1.0158,0.91,0.11,2,3
6.3179,9.7446,0.07,0.06,2,1
11.0106,9.3466,0.92,0.14,4,3
15.3366,9.5896,0.94,0.15,3,2
15.7065,9.5102,0.71,0.14,3,2
9.5552,5.2739,0.20,0.18,3,2
12.9888,5.7335,0.41,0.12,1,2
2.0597,6.2273,0.48,0.12,1,4
11.1588,16.3786,0.28,0.25,3,1
3.4083,9.4673,0.25,0.15,1,1
19.7617,9.3383,0.84,0.21,1,3
9.9158,8.5986,0.52,0.21,4,1
12.8689,4.7306,0.49,0.23,1,3
22.9804,9.9834,0.14,0.06,3,3
8.4360,0.5924,0.74,0.18,4,3
3.5185,12.0722,0.37,0.19,4,1
11.4721,2.1131,0.77,0.17,2,1
2.5278,18.1249,0.59,0.11,4,4
1.6724,8.7871,0.85,0.21,4,1
8.5363,12.7114,0.82,0.09,4,3
12.4250,15.0085,0.98,0.13,4,1
9.1087,23.5617,0.42,0.15,2,1
11.7095,0.1142,0.38,0.08,1,2
13.1379,0.9810,0.77,0.05,4,1
4.5586,6.9586,0.97,0.24,3,3
11.3222,15.1906,0.19,0.07,1,4
10.5978,8.6375,0.40,0.17,1,3
3.1622,7.4482,0.18,0.19,3,2
13.0680,18.3869,0.95,0.12,1,3
11.9010,13.0723,0.39,0.06,2,3
7.1718,12.8413,0.11,0.06,1,4
0.0673,9.2774,0.19,0.07,1,4
4.4140,6.5156,0.01,0.16,1,3
8.7786,8.5186,0.43,0.07,4,4
17.2311,6.7438,0.11,0.10,2,1
19.4771,15.1164,0.60,0.25,4,3
5.3939,6.1045,0.62,0.13,3,1
16.4110,4.1451,0.78,0.07,4,2
4.0318,16.7607,0.08,0.10,4,4
9.0183,9.6688,0.73,0.18,2,4
1.9194,20.2974,0.97,0.11,2,4
2.1204,10.8046,0.71,0.06,4,4
5.0608,15.5076,0.93,0.20,1,4
9.8727,6.0431,0.71,0.16,2,4
12.7712,9.7462,0.52,0.07,4,2
7.3578,9.8708,0.69,0.15,1,3
4.4760,3.0319,0.01,0.23,4,3
12.8867,11.9387,0.58,0.15,2,4
14.0935,2.0135,0.48,0.16,4,3
23.5116,12.9469,0.61,0.18,3,3
15.2834,13.6197,0.88,0.16,4,3
13.4888,10.2934,0.88,0.20,4,2
10.1765,14.8240,0.51,0.16,2,1
8.2174,7.3275,0.22,0.17,3,1
8.5853,4.5673,0.14,0.16,4,3
5.9160,4.3746,0.13,0.07,4,1
16.7272,18.3387,0.64,0.07,2,3
13.2150,11.4856,0.66,0.11,2,3
8.4824,0.0562,0.92,0.25,2,1
13.5542,5.3457,0.69,0.12,2,2
12.3566,9.8991,0.02,0.06,2,1
10.4765,5.4283,0.83,0.19,1,1
7.9230,7.5555,0.68,0.06,1,1
1.5677,17.1523,0.65,0.15,3,2
12.5124,5.6130,0.98,0.15,1,1
5.2366,10.9198,0.49,0.12,4,2
4.7391,10.1803,0.68,0.21,1,4
6.0197,13.2639,0.50,0.07,2,3
7.4205,6.2047,0.58,0.20,1,4
8.7129,24.4452,0.86,0.24,3,3
6.3805,1.2439,0.91,0.14,3,2
11.1334,18.9423,0.96,0.16,2,1
20.6110,15.8004,0.36,0.14,4,2
16.1165,12.9714,0.31,0.17,4,2
1.2849,22.5773,0.60,0.18,1,4
8.3351,3.2520,0.82,0.17,1,1
9.3059,7.3589,0.48,0.23,1,2
26.4617,5.5097,0.08,0.17,4,1
0.4447,26.0849,0.62,0.12,4,1
14.1198,2.8884,0.95,0.14,1,3
12.6731,2.9397,0.11,0.07,1,1
12.9557,6.7518,0.23,0.10,3,3
18.5709,4.8104,0.10,0.15,4,2
13.6497,14.7907,0.92,0.12,1,4
5.1139,12.5487,0.91,0.08,2,3
11.0169,5.3314,0.46,0.15,2,2
9.3807,7.8026,0.96,0.23,3,1
11.5069,2.4195,0.75,0.14,2,4
12.0867,10.7222,0.31,0.24,3,4
9.0872,6.2814,0.33,0.15,2,2
16.1273,19.8566,0.34,0.20,3,1
1.4806,2.8911,0.60,0.16,2,2
6.6584,1.7414,0.29,0.12,2,4
11.8542,7.0217,0.49,0.22,4,4
7.2043,7.6272,0.02,0.19,3,3
1.2883,20.5859,0.89,0.17,3,3
2.2008,6.8204,0.48,0.07,4,2
7.9803,17.5995,0.73,0.20,4,1
1.3290,14.9737,0.28,0.16,4,1
9.5803,11.0721,0.07,0.24,1,1
8.5824,7.6728,0.32,0.21,4,4
1.6162,7.4901,0.20,0.14,2,3
3.2098,13.4782,0.66,0.06,4,4
15.7225,15.8679,0.90,0.17,4,1
1.4116,9.3491,0.47,0.12,2,2
16.1926,4.7687,0.86,0.16,2,3
7.8442,12.6551,0.96,0.09,1,1
10.8006,9.4792,0.53,0.12,1,1
13.0579,2.0811,0.94,0.24,4,1
13.5755,14.0443,0.96,0.24,3,1
11.2764,6.4403,0.25,0.21,1,3
4.7119,5.3810,0.75,0.24,4,3
14.1513,18.0731,0.71,0.15,3,2
19.2773,4.0212,0.54,0.10,4,2
12.5929,13.9676,0.35,0.23,3,2
19.2820,1.1654,0.27,0.23,1,4
13.1270,19.2885,0.81,0.23,3,1
11.2011,8.7526,0.63,0.11,2,1
9.1212,11.9944,0.43,0.11,1,3
0.7704,11.4393,0.34,0.21,2,3
20.8727,12.4407,0.97,0.20,1,2
18.6382,16.9638,0.92,0.15,3,2
8.9396,14.7584,0.37,0.19,4,3
10.5700,1.3114,0.24,0.15,2,2
7.9549,7.5112,0.58,0.15,2,2
1.9062,4.5867,0.99,0.24,3,3
11.2187,7.7085,0.32,0.08,2,4
10.1156,9.9690,0.98,0.22,3,3
17.4554,11.1304,0.21,0.06,3,1
15.0527,11.0380,0.73,0.08,1,2
13.0828,8.2615,0.12,0.12,1,1
0.1169,20.3749,0.98,0.15,1,4
15.4848,10.2385,0.74,0.09,1,1
10.8178,12.9601,0.08,0.06,2,4
20.6704,6.8130,0.73,0.18,1,3
3.8699,15.7436,0.41,0.07,2,3
11.9623,7.6253,0.67,0.09,4,2
13.1015,12.7567,0.42,0.08,4,3
9.3912,6.8307,0.34,0.06,4,4
2.7495,9.7993,0.16,0.22,2,4
25.1916,3.3910,0.76,0.15,2,2
11.8677,9.7653,0.35,0.25,4,4
14.1715,6.1833,0.63,0.13,4,4
5.5489,10.0008,0.93,0.19,4,4
18.2666,0.6264,0.08,0.20,1,3
23.4274,15.4650,0.59,0.23,4,2
12.1572,10.0103,0.74,0.25,3,4
17.4117,11.1536,0.88,0.07,2,2
10.0101,8.9981,0.03,0.08,4,4
16.8106,13.1206,0.02,0.23,4,3
20.1838,2.1939,0.94,0.23,3,3
7.0327,4.6287,0.01,0.11,4,4
10.6465,9.8502,0.14,0.10,3,2
13.4978,12.0938,0.75,0.10,2,1
5.2327,6.8567,0.63,0.18,3,4
19.6992,17.7361,0.49,0.18,1,4
7.6862,3.9055,0.75,0.09,2,1
12.2934,7.0182,0.90,0.23,1,3
13.3070,8.5046,0.05,0.06,3,2
9.8811,11.7134,0.83,0.22,4,2
19.4691,13.7460,0.21,0.23,2,2
5.2256,2.2159,0.00,0.14,2,1
12.7045,10.4690,0.42,0.17,4,3
0.1201,10.7107,0.70,0.08,2,1
10.6573,10.9902,0.91,0.08,2,1
14.7940,11.8730,0.81,0.13,1,3
6.9871,5.3999,0.58,0.15,1,3
6.9211,13.6392,0.33,0.21,1,1
2.2982,10.4852,0.97,0.09,4,4
16.9345,3.4049,0.64,0.19,3,4
9.1121,8.1491,0.14,0.15,1,3
10.3402,9.1236,0.58,0.16,4,4
9.1781,3.9915,0.51,0.18,2,1
12.5873,16.1905,0.29,0.15,1,2
4.9392,7.0443,0.48,0.24,3,2
10.5020,11.4640,0.20,0.25,3,4
10.0526,21.9778,0.83,0.16,2,4
14.6492,15.6141,0.24,0.18,4,3
7.1059,17.4178,0.95,0.05,4,4
4.5577,2.4179,0.24,0.06,4,1
2.2658,14.9143,0.01,0.14,3,2
13.8241,12.6933,0.34,0.11,4,1
6.3152,17.1138,0.82,0.19,1,2
2.8891,15.1861,0.55,0.05,4,2
13.1235,13.5174,0.48,0.05,2,3
4.9768,14.0224,0.48,0.10,2,3
14.3542,2.9161,0.11,0.15,2,2
0.6972,13.5056,0.02,0.09,2,4
3.6554,8.6120,0.92,0.12,3,2
22.2426,16.2400,0.20,0.20,2,2
17.3499,19.7342,0.73,0.24,3,2
0.8163,20.5456,0.10,0.12,2,3
14.4006,1.2035,0.39,0.23,1,2
12.5700,0.3072,0.55,0.18,2,3
11.8345,12.7092,0.05,0.20,1,3
12.6452,22.3067,0.44,0.21,2,3
6.6706,3.5811,0.43,0.11,3,2
12.5096,10.1043,0.45,0.17,3,3
6.2792,20.9002,0.90,0.09,2,4
7.9483,7.8021,0.77,0.09,1,4
1.7280,8.0570,0.21,0.23,4,1
5.5207,11.1722,0.97,0.18,4,1
14.7287,2.6996,0.39,0.15,4,4
19.9141,21.4812,0.62,0.10,4,2
12.1583,7.5647,0.94,0.08,2,1
7.1489,23.1279,0.60,0.07,3,2
14.3490,8.4226,0.44,0.09,1,3
19.3247,14.6795,0.00,0.07,1,4
8.1584,8.5470,0.17,0.24,1,1
16.3308,13.3915,0.70,0.05,3,1
4.6280,12.7512,0.56,0.05,1,3
7.0524,10.9754,0.21,0.12,3,2
15.9783,16.3393,0.90,0.18,1,2
11.2134,7.3184,0.69,0.19,3,2
5.6244,10.9832,0.56,0.24,4,3
4.1864,15.9122,0.58,0.12,1,3
2.3996,14.8186,0.51,0.17,4,3
4.1466,17.1942,0.34,0.06,2,1
1.6262,15.0079,0.57,0.22,4,1
19.0956,6.1645,0.54,0.10,4,4
4.7303,18.6523,0.34,0.06,2,3
18.8961,14.4347,0.13,0.09,1,1
8.6186,9.8661,0.14,0.19,2,2
15.4299,3.7276,0.30,0.24,3,1
4.6688,14.1041,0.66,0.15,1,1
24.7866,18.1982,0.25,0.11,4,3
8.2776,8.9100,0.69,0.19,2,3
10.9955,16.2179,0.39,0.13,1,1
8.0481,7.5119,0.36,0.12,3,1
22.0747,19.8920,0.06,0.07,3,4
15.6686,14.2792,0.95,0.09,4,2
17.5085,12.5492,0.18,0.12,1,4
19.5116,10.5159,0.53,0.14,4,2
7.5814,11.4509,0.56,0.16,2,2
4.0968,7.0423,0.01,0.11,2,3
15.3893,9.9102,0.25,0.06,3,4
5.5615,9.9977,0.47,0.07,4,2
19.2651,10.6748,0.46,0.20,2,3
14.0656,12.2921,0.17,0.24,3,4
1.8925,6.9221,0.07,0.18,4,4
4.2547,5.8669,0.86,0.23,1,2
12.7236,9.1284,0.53,0.09,3,4
1.4135,6.2512,0.87,0.13,2,4
7.3898,10.5730,0.76,0.23,4,1
4.2214,15.4425,0.39,0.08,2,4
5.3777,1.0488,0.29,0.19,2,4
2.4993,14.9281,0.93,0.22,1,2
6.3720,12.8185,0.98,0.18,3,1
15.2560,15.8272,0.46,0.21,2,2
3.3110,10.0327,0.33,0.24,1,4
5.1419,13.9516,0.11,0.22,2,1
3.4141,11.5025,0.00,0.19,3,1
8.5652,7.1852,0.57,0.15,3,1
16.8109,7.5069,0.19,0.23,4,1
12.2470,17.5497,0.28,0.17,2,1
11.8276,2.6561,0.33,0.17,4,4
6.6810,8.8474,0.31,0.20,3,4
10.2590,1.6225,0.65,0.21,3,3
6.2051,1.5309,0.30,0.07,3,2
6.9296,12.0453,0.85,0.08,4,1
19.8556,2.5145,0.63,0.22,4,1
12.3443,6.9061,0.49,0.15,2,3
11.8865,6.9803,0.51,0.25,3,3
10.1344,9.6542,0.54,0.12,1,2
6.4134,8.5122,0.56,0.10,3,2
10.1334,0.5173,0.39,0.15,2,3
22.9815,12.3482,0.68,0.17,3,2
4.5770,11.9256,0.03,0.14,2,1
3.2519,6.6472,0.37,0.18,1,3
2.6053,8.8590,0.58,0.21,3,3
11.7243,2.2056,0.02,0.06,1,3
10.1194,21.8583,0.26,0.21,4,3
7.1827,16.7078,0.54,0.10,4,2
9.7014,12.0793,0.27,0.22,4,4
13.0618,15.2328,0.42,0.24,2,4
16.9308,7.5198,0.61,0.09,3,1
14.3240,13.1401,0.31,0.09,4,2
6.9222,12.5796,0.29,0.16,2,4
11.1877,12.3502,0.45,0.22,4,2
24.1307,13.9249,0.08,0.08,2,2
16.1452,3.8724,0.04,0.16,2,4
4.4166,4.8751,0.31,0.08,4,4
11.8185,12.6398,0.75,0.21,4,2
7.3111,5.0611,0.75,0.25,2,1
10.6880,12.9902,0.62,0.21,3,2
12.6014,7.9697,0.45,0.24,4,4
3.5273,15.6581,0.10,0.14,4,3
21.3882,0.1612,0.21,0.09,3,4
12.9511,16.6762,0.29,0.14,1,1
11.2398,2.3919,0.06,0.09,3,1
19.6034,9.9275,0.99,0.20,1,2
3.0762,12.6527,0.22,0.22,2,1
7.7543,4.7200,0.48,0.09,1,2
14.1579,12.8853,0.53,0.16,3,3
15.6210,19.9538,0.04,0.06,2,2
11.7208,18.7931,0.18,0.09,1,2
1.6885,13.4192,0.60,0.23,2,1
17.6206,7.3337,0.06,0.19,1,4
5.6532,13.3921,0.99,0.15,2,2
2.3475,12.2009,0.17,0.15,3,1
4.9716,3.1698,0.19,0.15,3,3
9.0942,23.1551,0.05,0.13,2,4
8.5746,18.6240,0.30,0.12,4,1
8.9742,7.4885,0.09,0.24,4,4
14.8798,13.3016,0.96,0.15,1,4
4.0697,2.0062,0.22,0.20,2,4
7.8420,7.0552,0.85,0.22,2,3
7.1012,7.6259,0.16,0.09,3,3
12.8813,2.3625,0.54,0.11,2,1
26.2877,7.3211,0.61,0.25,2,4
9.4116,1.8703,0.17,0.08,1,2
11.0181,8.1640,0.53,0.15,2,1
14.1748,15.7874,0.99,0.21,4,1
17.3947,15.2285,0.68,0.25,2,3
11.7221,13.8893,0.54,0.24,1,3
3.1674,1.4926,0.39,0.09,4,4
13.0691,1.0017,0.70,0.23,2,2
2.1383,12.9116,0.32,0.14,3,3
8.8177,10.2235,0.90,0.10,4,4
20.6548,7.6717,0.28,0.11,1,1
8.8478,5.6001,0.28,0.16,3,2
15.3239,11.9032,0.50,0.05,2,1
1.2552,14.9999,0.12,0.06,2,4
4.7441,22.2369,0.30,0.12,2,3
4.4105,20.6993,0.89,0.23,3,1
21.8937,12.1358,0.75,0.14,4,1
8.3633,7.9215,0.88,0.06,1,4
17.7618,5.9096,0.99,0.23,3,1
2.6728,11.1576,0.36,0.21,3,2
10.6990,7.2182,0.70,0.10,2,2
18.4662,9.4172,0.22,0.23,4,4
10.6649,16.6231,0.35,0.20,4,2
6.2098,11.0272,0.26,0.11,4,1
10.5800,14.4391,0.41,0.07,2,3
9.0554,4.7510,0.14,0.19,1,1
12.6587,13.2084,0.64,0.10,4,1
1.0432,16.8247,0.83,0.08,2,1
2.9200,7.3407,0.91,0.11,2,2
11.4065,13.2322,0.86,0.17,3,2
8.2674,7.9106,0.66,0.06,1,2
3.6518,5.4159,0.00,0.24,3,3
8.4319,13.0109,0.84,0.17,4,2
11.4928,19.5190,0.39,0.13,2,4
11.8489,0.1892,0.99,0.10,3,2
22.6385,9.1988,0.45,0.13,3,3
4.6245,16.5304,0.05,0.14,2,2
9.1218,1.0216,0.73,0.09,3,1
5.3951,0.8340,0.71,0.23,1,2
4.3508,1.4283,0.77,0.16,3,1
13.8323,10.7442,0.06,0.18,2,2
9.9154,6.7630,0.46,0.09,2,2
21.3099,7.7343,0.11,0.21,1,4
4.6559,7.4406,0.79,0.17,1,4
21.8502,10.5798,0.58,0.15,1,4
12.3786,15.1768,0.33,0.10,2,3
15.6354,15.6349,0.18,0.19,1,4
7.5795,9.1024,0.45,0.08,4,4
9.8246,8.6183,0.93,0.07,1,3
10.5457,15.2330,0.23,0.22,3,3
1.2964,6.0665,0.71,0.17,2,4
15.3463,15.1733,0.92,0.05,1,3
20.6312,19.3665,0.74,0.10,3,4
4.0511,0.5724,0.41,0.14,4,1
18.2672,4.6437,0.01,0.16,4,3
20.4966,7.4427,0.13,0.23,1,1
7.9991,12.9174,0.01,0.09,3,2
6.6756,14.6011,0.71,0.12,2,3
2.0536,4.7232,0.97,0.17,1,4
0.0142,3.3937,0.87,0.23,4,1
6.6901,22.4258,0.31,0.05,4,1
19.7680,8.9623,0.33,0.14,4,1
11.7368,2.8727,0.24,0.10,4,2
9.1833,15.5055,0.20,0.21,3,4
11.9279,14.5492,0.76,0.09,4,1
11.0208,6.2400,0.08,0.10,2,1
5.4839,7.3843,0.49,0.08,2,2
6.9882,14.6650,0.12,0.18,1,3
16.1663,17.4580,0.02,0.11,2,2
14.9402,6.4662,0.67,0.18,2,4
21.0907,10.9828,0.47,0.14,4,1
6.7171,18.1632,0.16,0.22,3,3
15.4413,6.0044,0.08,0.24,4,1
7.2932,9.8878,0.95,0.12,2,3
4.6342,7.4061,0.27,0.21,2,4
11.3241,10.4263,0.34,0.06,1,3
20.6481,3.3472,0.75,0.11,2,2
4.6868,9.3342,0.93,0.15,3,1
2.7217,4.8952,0.65,0.25,3,4
21.4990,12.2690,0.02,0.23,3,2
2.8056,12.1741,0.47,0.08,2,3
17.2353,8.0524,0.23,0.16,1,2
15.9186,22.8820,0.33,0.08,4,4
12.3417,16.5063,0.49,0.20,3,3
5.6324,14.6206,0.92,0.25,2,4
10.4357,6.9947,0.02,0.09,2,4
22.3024,3.2898,0.61,0.24,4,1
20.6910,18.6257,0.87,0.05,2,1
16.7381,22.5085,0.23,0.18,4,3
11.0938,8.0033,0.12,0.25,2,2
21.3390,0.8159,0.97,0.08,4,4
1.7737,11.7565,0.07,0.09,1,4
17.4306,8.9589,0.52,0.17,3,2
9.4656,9.0854,1.00,0.12,4,4
0.5578,9.0127,0.96,0.17,1,1
13.5845,9.9758,0.05,0.19,3,1
23.1237,13.6650,0.26,0.07,4,2
21.3082,4.7690,0.10,0.14,3,2
9.1116,8.7001,0.85,0.23,1,1
11.1011,12.6588,0.14,0.21,1,4
12.0713,9.7298,0.74,0.09,3,3
7.7097,17.1418,0.74,0.19,1,4
4.4610,16.8161,0.31,0.15,3,1
8.5060,5.5910,0.69,0.12,4,1
11.4615,16.7590,0.16,0.12,3,3
4.7341,13.4448,0.10,0.08,3,4
13.1261,21.1541,0.64,0.08,3,3
12.8342,7.4160,0.71,0.25,4,2
12.9690,7.6933,0.28,0.13,2,4
9.1496,15.1249,0.55,0.18,1,2
3.7996,0.6796,0.62,0.16,3,4
5.2212,2.7045,0.40,0.07,1,2
9.8598,8.7761,0.16,0.11,1,1
6.3382,6.5960,0.95,0.16,3,3
5.1849,8.3529,0.53,0.14,1,2
13.3299,1.5135,0.66,0.17,2,3
8.5999,23.3638,0.34,0.10,4,4
11.6106,17.8967,0.31,0.20,4,1
8.6182,7.3395,0.45,0.16,1,2
10.9845,15.5584,0.38,0.09,3,3
10.2920,0.3482,0.92,0.23,2,4
7.7658,15.8186,0.47,0.14,4,2
6.1589,7.6563,0.06,0.10,3,4
12.8905,18.2976,0.33,0.24,1,3
7.0154,1.9741,0.14,0.16,4,2
15.4460,11.2143,0.86,0.05,2,1
4.5174,16.6867,0.08,0.06,2,3
13.8149,1.0601,0.80,0.17,2,1
11.5348,16.9085,0.56,0.15,3,1
18.2875,9.1916,0.90,0.22,3,1
14.4620,11.2215,0.49,0.22,1,3
18.5380,10.8468,0.74,0.21,1,2
10.0970,12.9470,0.80,0.22,1,4
15.6277,10.4427,0.01,0.19,2,2
10.3483,3.0296,0.10,0.21,4,3
14.9987,16.6554,0.21,0.07,3,2
13.0938,10.8596,0.29,0.24,2,3
6.3352,1.5096,0.30,0.22,3,2
5.3172,15.2190,0.39,0.10,3,2
4.9710,13.4666,0.50,0.06,2,4
10.1018,14.8801,0.67,0.20,4,2
15.4288,10.1374,0.06,0.10,1,3
11.1866,2.9206,0.04,0.12,3,3
10.1053,11.6484,0.43,0.17,3,3
12.1469,2.5238,0.75,0.25,2,4
12.6787,5.5357,0.23,0.23,3,1
10.2485,18.3167,0.80,0.20,2,1
9.2973,8.1920,0.14,0.11,2,1
3.3646,8.6886,0.89,0.22,1,2
22.4096,4.9607,0.71,0.15,3,3
11.7863,2.5406,0.37,0.07,3,2
9.0975,4.7002,0.63,0.13,1,3
1.1025,16.6875,0.76,0.11,4,3
2.4280,6.3873,0.45,0.23,1,4
22.5802,3.1434,0.13,0.12,3,3
20.5444,13.1056,0.59,0.11,3,4
8.0084,13.1928,0.49,0.09,1,4
7.2729,16.2808,0.59,0.14,1,3
17.3684,3.8149,0.73,0.20,4,3
0.4677,17.1974,0.15,0.22,1,2
9.8403,9.8534,0.10,0.06,3,4
6.9652,13.5172,0.63,0.20,1,2
4.6238,18.5242,0.79,0.14,4,3
0.1080,7.8393,0.73,0.15,3,3
10.0754,1.6872,0.85,0.15,2,4
12.1220,4.9178,0.82,0.16,3,1
2.6146,18.3481,0.75,0.11,1,4
4.1118,23.4887,0.86,0.24,1,3
5.7520,9.0912,0.55,0.09,3,1
0.7659,18.2965,0.14,0.19,4,4
14.8059,14.7634,0.01,0.11,4,1
7.2521,3.4756,0.63,0.09,1,1
0.5508,10.6691,0.11,0.13,2,2
8.7344,14.0886,0.13,0.15,4,1
18.5654,5.3032,0.30,0.11,4,3
1.3893,10.6339,0.69,0.24,1,1
20.6206,12.1615,0.91,0.08,1,1
19.1856,16.9717,0.53,0.06,1,1
10.2547,13.9168,0.00,0.18,3,4
5.5247,13.3731,0.70,0.20,1,4
1.2291,28.9138,0.01,0.05,3,4
4.7906,3.7381,0.52,0.07,4,3
0.2188,17.3745,0.65,0.21,2,1
9.3116,14.2910,0.07,0.20,1,3
24.7758,7.2199,0.55,0.13,1,1
7.6056,16.6063,0.86,0.15,3,1
17.5608,8.7850,0.49,0.15,2,1
1.0942,2.5139,1.00,0.05,1,3
14.2985,11.9732,0.03,0.15,1,1
8.8236,12.2139,0.67,0.08,2,2
8.0296,12.6915,0.11,0.19,1,1
0.5844,8.4732,0.56,0.19,4,1
0.7202,3.9149,0.09,0.16,3,3
6.8528,3.6935,0.46,0.14,2,1
15.0757,14.9885,0.90,0.21,1,4
19.7015,13.4758,0.18,0.15,3,1
12.5407,8.3591,0.28,0.18,3,4
7.8337,13.5151,0.92,0.19,2,2
3.6572,14.3662,0.97,0.15,3,2
18.1186,4.5929,0.75,0.07,4,2
6.4041,10.0554,0.68,0.17,3,4
0.8946,12.4219,0.45,0.18,3,1
4.8543,11.5563,0.80,0.20,4,3
8.5143,14.7477,0.78,0.18,3,2
21.1635,15.1958,0.27,0.22,4,3
9.6341,6.0876,0.67,0.22,2,3
5.7460,16.5633,0.02,0.18,2,2
12.3410,1.3515,0.52,0.24,1,1
12.5493,10.0160,0.58,0.24,3,2
7.9535,10.2351,0.13,0.10,2,1
14.8195,11.8886,0.78,0.11,1,3
9.0549,10.9625,0.54,0.10,1,1
5.4476,8.3932,0.04,0.11,3,4
16.6420,8.6200,0.39,0.20,4,4
5.8479,2.1207,0.83,0.09,3,4
15.2822,8.2809,0.17,0.19,2,2
8.2766,7.1753,0.80,0.10,3,4
9.9303,11.8116,0.21,0.13,2,4
2.8194,21.9860,0.83,0.16,3,2
25.2425,2.8901,0.99,0.14,4,1
4.8527,2.5617,0.22,0.09,1,1
13.7912,16.9484,0.06,0.07,1,3
13.3576,3.3449,0.28,0.10,1,3
18.0738,7.8555,0.96,0.24,2,3
18.2927,15.0990,0.29,0.20,1,3
6.5944,12.7121,0.99,0.23,3,1
4.9295,11.0290,0.92,0.07,3,2
7.0112,17.1054,0.00,0.24,2,1
24.6581,15.6892,0.24,0.16,3,1
5.3220,5.6405,1.00,0.08,3,1
15.1333,4.2256,0.53,0.20,1,3
6.3915,13.5886,0.36,0.13,3,4
6.0151,2.8667,0.84,0.09,2,3
12.6685,2.7014,0.37,0.16,3,4
7.9295,13.2313,0.10,0.18,2,4
17.1667,7.9747,0.35,0.13,4,2
2.5502,15.7334,0.81,0.23,1,4
11.3147,3.2493,0.60,0.09,4,2
2.4158,6.4069,0.16,0.17,3,1
10.0319,9.8200,0.06,0.18,4,3
8.8728,10.5038,0.22,0.09,3,4
9.3070,15.1816,0.86,0.11,2,1
16.5901,9.9510,0.90,0.15,2,3
4.9185,16.4089,0.78,0.09,1,1
10.5086,7.3041,0.39,0.20,4,4
15.0346,15.1475,0.61,0.25,3,3
8.7453,6.9185,0.82,0.22,2,1
10.7112,10.0712,0.49,0.23,3,1
4.8438,11.2325,0.89,0.20,4,1
6.4404,13.1249,0.61,0.11,2,2
10.1714,9.8864,0.97,0.21,1,1
11.1117,5.0478,0.57,0.23,3,3
6.0807,16.5185,0.67,0.21,1,2
12.4322,13.6269,0.91,0.21,2,2
16.2150,0.1483,0.60,0.10,4,2
7.3374,2.1176,0.92,0.07,3,2
12.2770,19.7810,0.40,0.13,2,4
15.2283,7.5170,0.46,0.25,3,1
21.5823,0.8059,0.57,0.11,4,2
12.4394,5.5229,0.91,0.13,3,2
12.0035,19.6178,0.92,0.16,4,4
4.3829,7.0883,0.29,0.08,2,2
15.0719,0.3112,0.38,0.15,2,2
11.8216,11.4857,0.32,0.07,2,1
6.6455,11.3714,0.74,0.08,3,3
14.8720,6.0244,0.76,0.22,3,3
27.0885,10.6937,0.19,0.12,2,2
8.8499,10.4145,0.52,0.18,4,3
10.5704,16.3193,0.40,0.24,2,2
8.7507,0.6918,0.26,0.08,3,1
20.0675,10.4289,0.10,0.10,1,2
16.1097,13.6147,0.92,0.23,3,2
8.6816,16.5079,0.66,0.06,2,4
1.1877,1.6610,0.55,0.12,2,3
0.2733,15.6399,0.29,0.06,2,3
25.6717,0.1845,0.88,0.06,1,4
0.4308,4.1084,0.24,0.11,2,3
7.1897,0.5459,0.04,0.22,3,1
10.5368,12.3248,0.36,0.08,4,4
13.5096,10.8438,0.96,0.15,4,2
20.4036,10.3463,0.87,0.23,2,2
13.2986,12.9935,0.65,0.23,3,4
8.8329,13.5492,0.55,0.18,2,4
3.4039,15.1295,0.87,0.23,4,2
1.7982,10.5984,0.25,0.24,1,4
9.6100,15.8172,0.19,0.10,1,4
17.2962,2.4985,0.14,0.14,1,4
10.0245,9.8935,0.28,0.21,2,4
9.7594,16.1467,0.36,0.11,3,4
8.3599,8.6549,0.32,0.23,1,2
14.1582,0.7476,0.92,0.16,4,3
4.3129,6.9608,0.65,0.09,4,4
6.4597,16.1324,0.16,0.12,4,3
15.7743,11.4880,0.24,0.19,3,3
12.4066,2.0847,0.71,0.19,4,3
11.7869,17.5898,0.89,0.18,1,1
5.5693,0.7728,0.41,0.17,2,2
19.0343,8.5831,0.21,0.14,4,3
13.6384,18.6032,0.79,0.20,3,1
0.8762,12.6545,0.42,0.25,4,4
11.1902,15.5116,0.76,0.13,1,3
14.2790,7.7770,0.58,0.21,1,4
6.9843,16.1327,0.64,0.24,4,1
6.8508,9.0826,0.34,0.10,2,1
21.5155,15.0722,0.10,0.20,2,3
3.0826,3.2794,0.94,0.10,2,2
10.1375,13.8982,0.95,0.07,1,1
12.0037,0.9344,0.41,0.18,3,3
2.2971,11.3125,0.88,0.23,1,3
14.3757,15.7443,0.97,0.14,3,3
17.6638,12.2049,0.60,0.15,1,2
10.1632,6.4787,0.88,0.22,2,1
17.6723,10.2298,0.35,0.15,3,1
7.3499,19.2580,0.83,0.08,3,2
10.4533,9.3986,0.16,0.10,3,1
10.5743,7.9937,0.42,0.24,2,3
8.8700,10.5217,0.72,0.12,3,4
9.7744,17.9017,0.50,0.23,1,4
13.5198,15.3219,0.78,0.23,4,1
4.9493,16.6826,0.55,0.17,4,3
7.4899,9.3556,0.17,0.06,3,1
17.0614,12.5350,0.59,0.09,1,4
10.1499,11.0606,0.00,0.10,4,4
8.7485,18.6513,0.49,0.20,1,3
7.0468,16.2627,0.08,0.08,3,4
13.1190,3.9723,0.20,0.14,3,4
12.0013,10.1017,0.49,0.14,2,2
13.3298,9.0429,0.90,0.10,4,4
9.4190,9.1535,0.62,0.17,2,4
8.7090,0.4982,0.74,0.06,3,4
12.5513,5.0484,0.22,0.05,4,1
12.3691,14.4074,0.66,0.18,3,4
18.3777,11.8764,0.34,0.09,1,2
8.4360,13.5514,0.09,0.07,3,2
9.1445,13.4727,0.20,0.08,1,4
0.1317,9.3295,0.77,0.14,4,2
9.4003,14.5725,0.64,0.08,3,2
3.9357,8.5054,0.70,0.16,1,1
15.4608,13.8799,0.40,0.07,2,4
12.8137,7.2296,0.97,0.21,2,4
8.7878,16.1790,0.01,0.20,1,3
1.3378,12.5181,0.23,0.11,1,3
0.2854,14.4326,0.31,0.07,1,1
10.1692,17.4740,0.80,0.21,3,2
12.9018,13.9765,0.47,0.14,2,4
8.4251,11.7511,0.31,0.06,4,1
9.0602,12.5042,0.18,0.14,1,3
16.9770,19.8539,0.82,0.13,3,1
10.9478,0.8899,0.26,0.20,3,1
23.1841,15.7155,0.42,0.14,3,4
2.8948,17.8455,0.35,0.20,3,3
3.5649,4.1373,0.12,0.21,1,1
9.6274,5.8630,0.70,0.20,4,1
9.3601,5.8936,0.71,0.08,4,3
6.9616,11.1191,0.76,0.10,4,4
11.0584,16.4313,0.66,0.25,2,2
10.5714,4.8874,0.65,0.07,3,1
3.0286,2.1116,0.08,0.14,4,1
16.9169,6.7329,0.87,0.17,4,4
9.8876,16.0592,0.33,0.20,1,1
21.3663,9.3060,0.46,0.08,2,1
16.8111,8.4374,0.31,0.09,2,4
11.8678,11.2458,0.76,0.13,4,3
10.4905,9.3340,0.65,0.13,2,1
13.5550,7.9034,0.98,0.20,4,2
1.6013,9.9941,0.75,0.18,3,4
16.4307,7.8011,0.15,0.17,3,1
8.1222,12.5545,0.29,0.16,4,1
8.1590,11.3982,0.15,0.09,2,2
4.9862,14.5030,0.63,0.20,1,3
7.3776,2.3822,0.73,0.11,1,3
5.6869,12.4450,0.59,0.21,1,4
18.4904,0.9826,0.59,0.13,2,3
14.9047,13.9421,0.79,0.08,4,2
12.3617,11.4699,0.60,0.09,3,3
7.0062,15.4485,0.19,0.17,4,4
7.8172,6.9501,0.91,0.22,2,2
16.4849,11.6932,0.76,0.15,2,3
10.3283,10.7820,0.22,0.22,4,3
4.0920,4.4384,0.91,0.13,2,2
12.7048,1.3520,0.77,0.10,1,1
10.7325,8.6771,0.23,0.11,1,4
18.4396,19.5929,0.46,0.22,4,1
4.1617,0.2743,0.40,0.16,1,2
0.5499,2.0739,0.46,0.16,4,4
10.3368,11.3383,0.06,0.18,3,4
12.8318,5.1720,0.95,0.08,4,4
5.9163,8.4605,0.15,0.18,3,4
14.6410,8.4348,0.37,0.25,4,3
1.2933,15.3145,0.49,0.19,3,1
11.0648,8.3822,0.80,0.25,3,1
9.0630,5.2565,0.68,0.22,3,1
4.9334,18.0238,0.43,0.17,1,1
6.5084,9.1097,0.73,0.21,2,4
20.7419,6.1988,0.72,0.25,3,4
6.7667,0.8402,0.96,0.14,1,1
14.9363,7.9415,0.21,0.21,2,1
20.7244,14.8792,0.48,0.08,1,1
15.0075,7.7582,0.73,0.21,1,4
6.3696,7.4754,0.94,0.16,1,1
2.3783,7.5125,0.25,0.22,3,4
12.1332,1.2040,0.01,0.09,4,2
7.5170,10.9284,0.43,0.23,4,4
9.2542,11.0620,0.54,0.10,3,1
0.1429,12.0013,0.72,0.07,1,3
12.6390,12.6240,0.59,0.17,3,3
4.7522,15.2268,0.36,0.13,1,2
5.3643,8.3909,0.13,0.15,3,3
11.1310,20.5886,0.09,0.07,3,4
2.2406,9.6485,0.94,0.22,3,4
10.4393,12.0123,0.29,0.17,1,2
16.7157,14.8355,0.54,0.18,2,4
17.3655,9.7547,0.16,0.21,1,3
17.7649,14.9547,0.78,0.24,1,4
11.1257,12.5876,0.95,0.07,4,4
4.0599,20.3209,0.32,0.07,4,4
18.5183,4.5907,0.39,0.16,3,4
7.3077,11.6045,0.68,0.15,4,4
15.3778,14.6800,0.96,0.14,2,4
13.7500,9.6986,0.79,0.22,1,3
12.5536,0.5955,0.91,0.06,1,4
6.9552,16.4484,0.18,0.09,4,4
3.5568,5.4179,0.50,0.06,1,3
11.2657,10.1680,0.71,0.08,3,1
15.7493,5.3665,0.58,0.16,1,1
14.7354,2.2253,0.24,0.17,1,3
9.4600,21.8551,0.54,0.12,4,3
0.8429,10.9722,0.99,0.11,2,3
13.4545,0.5919,0.78,0.12,4,2
3.2938,3.1460,0.23,0.24,2,4
17.8565,10.7410,0.79,0.18,2,1
14.2262,1.5719,0.50,0.12,4,4
4.0288,5.2911,0.77,0.11,1,1
1.6748,17.0301,0.30,0.12,3,3
5.3746,6.3047,0.98,0.12,3,1
26.6140,19.6652,0.89,0.14,4,3
10.6334,10.5880,0.12,0.08,4,2
17.2984,3.4326,0.28,0.12,4,3
2.7116,7.0796,0.77,0.10,3,4
10.3898,11.4138,0.56,0.25,2,2
1.9194,0.4631,0.56,0.20,3,2
8.6952,9.6815,0.75,0.21,1,1
2.2907,0.9438,0.55,0.18,1,3
2.7669,22.6320,0.54,0.15,2,4
11.6322,18.6275,0.79,0.12,2,3
18.8400,13.9664,0.08,0.20,2,4
9.6519,17.7522,0.49,0.19,2,1
18.5042,12.0343,0.44,0.20,2,2
9.6816,15.7935,0.31,0.17,4,1
12.9337,7.5574,0.65,0.15,1,3
13.1579,18.6306,0.90,0.18,3,1
14.2259,9.6135,0.16,0.17,3,2
5.4434,1.9942,0.74,0.10,1,3
2.2231,6.4163,0.10,0.20,1,4
16.7439,7.4191,0.69,0.11,3,1
10.0030,5.5569,0.81,0.16,3,1
10.2485,15.9183,0.26,0.05,1,1
10.4369,6.1594,0.28,0.25,4,3
5.0184,15.4311,0.62,0.14,2,2
8.0945,2.3817,0.32,0.14,4,3
14.7800,13.4612,0.15,0.16,2,3
15.5651,10.1526,0.29,0.09,1,3
6.5620,9.5697,0.63,0.15,1,1
0.9718,9.7481,0.35,0.11,2,4
10.4352,11.0307,0.62,0.07,2,4
3.7616,9.9301,0.77,0.11,1,2
15.3852,12.4939,0.32,0.17,3,1
5.0259,12.9730,0.16,0.06,4,1
12.5527,15.3689,0.05,0.17,3,4
4.3500,11.7193,0.99,0.09,2,1
0.1271,3.1113,0.73,0.24,2,2
20.5554,3.0857,0.91,0.09,4,3
12.7665,2.9726,0.84,0.13,3,3
0.0818,3.0839,0.42,0.23,3,1
11.0745,13.0249,0.36,0.24,1,1
15.0333,12.4558,0.81,0.08,2,4
9.1737,6.8802,0.07,0.06,1,2
12.2668,0.3929,0.33,0.24,3,2
3.2156,0.7612,0.54,0.19,1,1
7.4913,3.0680,0.27,0.16,2,4
20.5876,6.5369,0.07,0.19,3,2
6.6419,0.2450,0.88,0.10,2,4
12.4742,2.5068,0.72,0.10,1,2
9.3823,1.7098,0.94,0.13,2,4
11.1266,7.2774,0.56,0.11,3,2
2.1953,17.0385,0.95,0.19,4,3
6.7534,12.3079,0.22,0.08,1,3
18.4704,13.9196,0.55,0.14,2,2
18.1687,2.1923,0.81,0.11,1,2
2.2871,7.1752,0.02,0.14,4,2
20.4745,9.4241,0.80,0.07,2,2
9.3676,5.6502,0.49,0.06,3,4
12.3568,4.5942,0.88,0.20,3,4
0.0935,12.1050,0.18,0.22,3,1
1.9184,12.5490,0.29,0.22,3,3
22.7955,15.0748,0.11,0.11,1,2
2.8481,3.7203,0.93,0.21,2,2
8.3952,3.2321,0.87,0.05,3,2
5.7780,8.2825,0.96,0.09,1,2
1.7060,6.1187,0.67,0.24,4,4
14.2096,13.7564,0.85,0.06,3,3
16.5312,17.3092,0.40,0.11,4,4
4.2238,3.6257,0.40,0.07,4,4
17.9067,11.8055,0.90,0.15,4,1
6.5122,11.7398,0.62,0.09,4,4
4.7824,12.7600,0.99,0.15,4,1
11.0134,1.9870,0.10,0.16,2,1
11.9507,11.1672,0.18,0.16,2,4
17.8337,9.1178,0.75,0.14,4,1
