7.1714,19.7027,0.25,0.06,1,3
12.0441,7.2022,0.70,0.23,4,2
5.2206,6.9016,0.24,0.12,4,3
7.8955,16.2698,0.50,0.08,2,2
10.7727,11.5290,0.60,0.07,3,2
7.4027,7.2705,0.92,0.16,3,1
14.1756,13.1996,0.10,0.08,1,1
15.0557,3.1052,0.46,0.20,1,1
2.7864,14.5224,0.42,0.06,1,1
16.6429,3.2565,0.59,0.17,4,4
17.0484,15.3885,0.71,0.14,2,2
3.8681,11.4323,0.73,0.13,4,1
12.1537,12.5456,0.88,0.09,4,1
18.4369,4.9714,0.38,0.17,4,3
21.8434,12.1338,0.80,0.21,4,3
5.8298,19.0161,0.93,0.12,2,1
12.6511,9.1944,0.88,0.17,2,4
5.1305,2.5966,0.47,0.06,1,2
1.4767,8.4033,0.98,0.19,2,2
2.2451,7.6350,0.66,0.11,3,1
10.1329,8.1943,0.32,0.18,3,1
9.4023,8.6432,0.08,0.19,3,4
4.3919,17.3602,0.98,0.15,4,4
13.5838,3.6956,0.64,0.12,1,1
6.5486,13.3703,0.65,0.23,2,2
7.8419,24.4345,0.86,0.23,2,1
6.5994,24.3900,0.92,0.12,1,1
3.4959,15.1079,0.77,0.09,1,2
4.9923,16.1586,0.91,0.12,2,4
12.9236,11.6998,0.30,0.16,3,2
4.4272,9.8627,0.20,0.21,2,4
6.5583,5.5106,0.71,0.24,4,1
14.8901,13.0679,0.86,0.21,3,1
1.8297,15.1925,0.97,0.05,4,1
11.0137,13.6749,0.44,0.24,1,1
18.8740,6.2627,0.51,0.16,2,4
18.5435,1.5286,0.93,0.13,4,4
4.3670,5.7027,0.85,0.23,4,4
5.9669,4.9666,0.46,0.07,2,4
4.1426,8.7469,0.93,0.07,2,2
9.2831,6.0943,0.67,0.25,3,3
7.4157,8.5437,0.29,0.22,2,4
13.8708,10.9807,0.81,0.05,1,4
14.0597,18.4404,0.25,0.19,2,2
17.4853,7.2981,0.50,0.19,4,1
15.2884,9.4683,0.58,0.23,1,1
16.9156,0.8556,0.15,0.23,1,4
1.2841,18.0261,0.71,0.21,1,3
13.4663,21.0776,0.84,0.22,3,2
14.1650,9.5425,0.39,0.05,1,2
9.3077,11.0061,0.59,0.17,3,3
16.4782,14.4923,0.37,0.14,1,2
6.0609,6.6868,0.37,0.16,4,3
14.7855,7.3981,0.49,0.07,1,4
18.1771,9.2339,0.20,0.11,1,4
7.8611,7.4521,0.32,0.22,3,4
4.8172,8.0121,0.02,0.19,3,2
12.1220,17.6644,0.67,0.09,1,2
3.0290,5.5875,0.82,0.11,4,3
11.2575,15.5809,0.50,0.12,1,3
5.8042,5.6667,0.62,0.22,3,4
4.7231,7.9776,0.97,0.21,1,1
12.9738,7.7786,0.59,0.11,2,2
16.8323,14.5176,0.29,0.20,1,4
19.6172,2.6765,0.24,0.09,1,2
15.1856,8.9527,0.32,0.16,4,3
9.7674,17.0176,0.11,0.05,4,1
10.6359,17.3637,0.25,0.11,4,1
2.6460,11.1039,0.61,0.18,1,2
4.3268,10.9709,0.99,0.08,3,1
11.9530,1.6160,0.42,0.18,4,2
11.7832,5.5092,0.47,0.24,2,3
8.8372,1.7302,0.33,0.14,3,2
13.3002,12.7532,0.46,0.09,1,4
18.7200,8.3246,0.24,0.09,4,2
3.4347,8.6684,0.96,0.07,3,2
25.9663,14.5058,0.31,0.24,1,4
7.8344,1.7512,0.78,0.20,1,1
4.7690,11.8470,0.53,0.16,3,3
10.7874,19.6589,0.20,0.23,4,4
19.3330,2.1131,0.10,0.13,3,2
22.6173,3.5757,0.53,0.13,4,2
14.3283,7.5963,0.86,0.23,2,1
1.6430,7.4827,0.51,0.20,1,3
7.2644,1.1920,0.94,0.11,1,4
10.8119,2.0823,0.81,0.21,4,2
17.7187,13.6894,0.04,0.17,1,4
4.9558,9.4859,0.80,0.21,3,4
10.3178,17.7880,0.04,0.14,4,3
0.1541,14.0772,0.69,0.19,2,3
2.4117,13.9451,0.77,0.14,2,4
18.6853,12.8201,0.72,0.18,4,3
10.8174,1.7635,0.31,0.19,2,3
9.2800,1.7644,0.47,0.21,4,4
8.4310,9.2356,0.04,0.20,1,3
18.2473,20.4552,0.51,0.20,3,4
12.1840,0.8104,0.85,0.16,2,3
3.8119,21.3527,0.69,0.15,1,2
15.4615,10.9598,0.07,0.22,4,2
0.9140,3.7365,0.38,0.14,4,1
7.3420,11.4542,0.74,0.07,3,2
6.1782,10.9069,0.95,0.09,1,3
9.2837,10.6168,0.40,0.10,2,4
22.1165,1.6319,0.02,0.22,2,2
9.9552,2.3464,0.69,0.14,3,1
3.2749,13.6901,0.99,0.08,4,2
4.5915,1.8732,0.02,0.24,2,3
23.2322,9.2777,0.84,0.19,1,2
15.2969,10.1968,0.97,0.23,3,4
11.3434,7.5408,0.42,0.19,3,2
15.3036,13.2419,0.70,0.09,3,4
15.9690,19.3105,0.97,0.06,1,2
11.1707,9.4501,0.76,0.18,3,2
4.2415,7.8649,0.31,0.24,2,2
4.9949,12.3233,0.84,0.12,1,4
14.7169,14.7114,0.46,0.08,1,3
14.8332,3.0152,0.39,0.15,3,3
8.3111,6.1380,0.77,0.17,4,4
7.9838,15.2429,0.75,0.21,2,3
3.9161,10.6596,0.47,0.05,3,1
8.3040,5.3685,0.62,0.18,1,3
8.5535,11.0976,0.49,0.18,3,4
16.0182,11.7006,0.36,0.08,1,3
9.8307,1.5245,0.85,0.21,2,3
2.8249,6.0366,0.88,0.15,2,4
19.9647,7.3435,0.55,0.23,2,4
2.5699,15.7464,0.77,0.16,3,4
1.6150,0.7689,0.85,0.18,4,1
5.8464,0.3948,0.28,0.23,2,4
10.6635,1.8333,0.62,0.24,2,3
15.4807,6.2217,0.11,0.13,1,1
6.1930,14.2966,0.04,0.15,3,2
26.5018,23.1767,0.81,0.18,3,4
6.4704,10.0175,0.92,0.07,2,4
18.2503,12.5435,0.88,0.11,2,2
11.5128,10.0633,0.24,0.16,4,3
10.2943,4.3641,0.57,0.16,1,1
11.6880,14.7500,0.70,0.10,1,4
20.4322,7.5356,0.30,0.13,1,3
6.6467,12.7068,0.13,0.07,4,2
2.1328,2.5012,0.67,0.07,3,1
2.8964,7.9263,0.27,0.12,4,3
16.2942,11.4529,0.78,0.22,4,4
4.1691,8.5013,0.98,0.08,3,3
3.3396,8.7839,0.39,0.20,1,3
11.5024,9.8302,0.72,0.25,2,4
11.2914,16.5812,0.52,0.16,2,1
3.6482,10.0828,0.10,0.09,4,4
11.8815,8.8332,0.80,0.10,3,1
9.2408,9.3295,0.34,0.17,4,3
3.4403,19.1428,0.62,0.06,3,2
13.4870,12.6074,0.23,0.10,1,3
11.4228,9.4276,0.50,0.07,3,4
15.6735,13.4977,0.40,0.11,3,3
9.1911,8.3662,0.86,0.09,1,3
13.8260,2.7975,0.08,0.13,2,4
13.0995,11.6955,0.52,0.24,2,4
18.2202,15.0601,0.59,0.23,1,3
8.4537,0.4275,0.81,0.08,2,4
18.9912,2.8392,0.01,0.09,3,2
16.5461,18.9762,0.99,0.19,1,2
14.7431,2.4740,0.74,0.10,2,3
6.2633,13.4585,0.60,0.23,3,1
17.4248,17.6873,0.48,0.22,1,4
7.0470,12.7395,0.14,0.09,3,3
14.8020,9.6189,0.41,0.20,3,4
2.9901,4.2272,0.98,0.20,1,4
21.4773,17.7080,0.71,0.21,2,3
12.2922,6.5739,0.79,0.16,3,4
3.4394,3.7382,0.90,0.06,1,2
30.5130,17.5101,0.62,0.12,1,2
5.0061,8.0759,0.93,0.24,2,3
15.0861,14.3100,0.21,0.24,2,4
1.3273,9.7662,0.04,0.23,4,4
10.2422,8.0142,0.03,0.15,2,3
8.3598,4.3036,0.37,0.07,1,1
5.0084,14.1666,0.40,0.05,1,4
14.2835,10.6057,0.04,0.16,1,2
9.8379,16.4476,0.47,0.24,4,2
7.3774,20.9856,0.73,0.09,1,2
14.0176,20.5852,0.36,0.08,2,1
10.2078,19.4877,0.24,0.11,4,1
11.1720,13.3034,0.74,0.14,1,4
6.4743,17.9063,0.22,0.14,3,2
6.4259,10.2643,0.29,0.25,2,4
22.5946,18.5012,0.30,0.10,4,3
11.5437,14.6360,0.82,0.20,1,2
6.6119,12.8237,0.72,0.16,1,1
2.1417,2.8166,0.82,0.11,1,4
5.6139,29.4556,0.32,0.10,4,3
7.9039,9.6701,0.03,0.12,2,2
6.6188,19.0607,0.25,0.11,3,1
5.1903,3.3479,0.47,0.13,4,3
12.8913,8.6937,0.71,0.15,3,1
10.0921,11.5088,0.86,0.12,1,4
15.4929,14.3384,0.42,0.05,3,2
4.3480,3.9582,0.58,0.07,2,2
7.7303,14.2624,0.24,0.23,1,3
12.0814,5.4147,0.41,0.11,4,4
5.0741,13.7229,0.33,0.06,4,3
3.6969,4.6461,1.00,0.20,1,4
16.1476,12.0852,0.42,0.15,2,4
16.6554,12.8081,0.91,0.18,1,4
2.2622,20.0192,0.24,0.07,3,1
0.2112,11.7160,0.72,0.06,1,2
12.7102,17.1705,0.92,0.24,3,1
19.2385,13.2905,0.25,0.22,1,1
7.7481,19.7831,0.97,0.11,4,1
11.1587,5.0090,0.65,0.07,2,2
3.3066,16.0255,0.41,0.15,1,3
10.3074,10.4922,0.10,0.21,1,2
5.9168,16.6645,0.72,0.24,4,4
9.5557,6.8684,0.05,0.22,2,4
11.1741,14.9150,0.41,0.24,4,1
6.0056,9.4441,0.68,0.12,2,1
13.5212,1.2966,0.30,0.22,2,3
10.5188,1.0573,0.30,0.20,3,3
9.7944,6.4059,0.95,0.24,1,1
18.3904,1.4430,0.64,0.09,2,3
2.7430,2.7428,0.34,0.12,2,2
5.2799,12.7212,0.81,0.10,2,2
12.2539,3.6342,0.45,0.09,4,4
15.3538,2.7268,0.71,0.13,2,3
10.5268,2.1807,0.40,0.11,3,3
11.1708,10.5806,0.58,0.06,4,4
11.8094,16.2425,0.74,0.17,2,2
11.1699,2.6373,0.32,0.18,4,4
10.3941,13.9388,0.76,0.08,1,4
11.2509,5.1610,0.35,0.24,2,1
4.9771,17.0862,0.52,0.24,4,4
1.0647,9.5873,0.04,0.07,2,2
1.2327,32.0446,0.13,0.15,1,4
9.2605,10.6667,0.03,0.17,4,1
7.5723,12.9660,0.79,0.19,3,1
11.2336,13.9888,0.72,0.05,4,3
9.9818,14.0409,0.09,0.18,1,1
8.7541,12.5615,0.50,0.19,3,4
11.2286,10.1675,0.09,0.25,1,2
14.9235,7.3526,0.75,0.14,2,3
12.9759,4.8254,0.70,0.15,1,3
10.3487,13.0189,0.22,0.11,2,4
11.8068,5.7291,0.93,0.23,4,2
16.1659,16.2224,0.85,0.13,3,3
9.1161,5.4887,0.11,0.08,1,1
13.3897,12.2949,0.04,0.21,4,4
7.8236,11.2420,0.03,0.20,1,4
11.9560,4.0600,0.06,0.15,4,1
4.2723,13.8703,0.66,0.11,1,4
5.1279,3.6059,0.52,0.20,2,1
13.3547,6.4971,0.72,0.12,1,2
8.1360,4.3983,0.18,0.06,3,4
14.0424,10.7967,0.96,0.08,1,2
11.8990,10.8680,0.92,0.10,2,1
1.9406,13.4655,0.01,0.15,2,3
1.5965,10.6216,0.24,0.06,1,3
13.7138,7.8724,0.58,0.23,4,4
18.1222,6.1713,0.80,0.15,1,4
13.4510,0.1628,0.82,0.22,1,1
8.4152,4.9543,0.41,0.09,2,4
8.4635,7.2672,0.52,0.07,3,3
13.8083,12.6819,0.63,0.15,2,4
6.1159,3.5945,0.98,0.06,2,1
12.3692,8.6997,0.51,0.12,1,3
20.4157,9.8199,0.47,0.20,1,4
9.4678,3.8654,0.92,0.18,3,2
14.7522,4.8664,0.65,0.12,3,4
5.6770,5.0597,0.65,0.07,1,1
14.1686,7.9213,0.96,0.20,2,1
14.4197,14.8929,0.21,0.13,2,1
13.4852,12.6708,0.71,0.10,1,1
5.6182,13.2018,0.30,0.08,3,2
15.5916,12.3720,0.04,0.20,2,4
13.1659,2.5015,0.41,0.08,1,2
2.3595,11.9729,0.35,0.06,3,3
13.4486,14.4313,0.42,0.18,1,3
19.5469,8.2806,0.40,0.21,4,3
11.7692,12.1115,0.96,0.17,4,4
8.0649,8.2404,0.08,0.12,3,3
14.4625,15.9706,0.10,0.13,3,1
8.7501,9.8725,0.77,0.07,2,1
2.3090,15.4304,0.02,0.25,1,2
4.1766,5.4741,0.35,0.12,2,4
10.4210,9.2626,0.37,0.06,4,3
5.4816,4.4259,0.11,0.19,3,1
4.1149,3.3493,0.26,0.19,4,4
9.5792,2.9179,0.59,0.09,4,2
5.5258,24.4694,0.42,0.16,3,3
9.0445,7.4793,0.37,0.21,4,2
3.2801,11.8340,0.49,0.12,3,2
8.6424,15.0588,0.73,0.20,4,3
4.5514,3.6608,0.07,0.23,2,1
18.7642,8.0427,0.26,0.08,4,3
14.5783,12.0203,0.00,0.20,2,2
6.2301,3.0622,0.86,0.13,2,1
4.2196,19.1300,0.64,0.20,2,3
11.3655,15.4385,0.39,0.11,1,3
5.5084,13.0961,0.78,0.21,3,1
10.0919,11.3599,0.39,0.11,4,2
10.9538,7.8852,0.71,0.08,3,3
13.1299,12.3854,0.16,0.15,4,3
17.2824,14.7225,0.90,0.06,3,4
12.0821,3.9171,0.23,0.16,3,3
2.5320,7.6795,0.53,0.13,1,4
4.0020,11.6452,0.89,0.08,1,2
5.9369,2.3330,0.06,0.22,1,2
15.9926,20.5261,0.97,0.24,1,2
6.1436,7.2137,0.48,0.10,1,2
16.6014,13.6021,0.60,0.06,4,1
11.0883,12.2323,0.62,0.09,3,4
0.3965,0.3257,0.65,0.18,4,1
11.6242,4.3275,0.87,0.11,2,3
1.4913,8.5202,0.64,0.22,4,1
13.8037,1.2294,0.69,0.10,1,3
11.8033,16.0501,0.41,0.11,3,1
12.4675,17.1479,0.29,0.16,4,3
17.7712,13.6085,0.85,0.15,3,4
6.9035,14.1552,0.78,0.12,4,3
15.0417,2.6275,0.79,0.13,1,4
16.6426,8.6683,0.93,0.15,1,3
12.3164,4.4673,0.24,0.12,4,3
10.7936,12.9816,0.74,0.16,3,3
14.4173,7.7025,0.67,0.24,3,4
7.0381,1.8558,0.42,0.10,3,4
14.8239,12.8314,0.66,0.06,3,3
13.1277,11.1963,0.01,0.17,1,1
14.3839,9.8858,0.81,0.22,1,1
13.5909,8.5520,0.00,0.13,4,4
8.1605,0.9958,0.88,0.06,3,1
1.7032,25.4845,0.20,0.08,4,4
14.3765,11.6443,0.82,0.11,1,3
5.4193,12.0794,0.57,0.13,4,2
13.1123,2.6336,0.07,0.10,3,2
7.6897,17.3089,0.87,0.25,3,1
6.0806,10.6042,0.64,0.21,3,2
4.6864,16.2239,0.32,0.06,2,3
8.3535,9.8546,0.35,0.13,3,4
5.1820,1.0773,0.55,0.14,2,4
3.2130,0.1955,0.29,0.18,4,3
4.9366,3.6556,0.15,0.10,1,1
10.7917,4.6797,0.81,0.06,1,3
6.7554,2.1323,0.75,0.09,4,3
6.5068,12.8245,0.32,0.14,3,1
12.7798,9.5686,0.15,0.06,3,2
14.3761,9.0337,0.10,0.14,2,4
8.5025,3.5647,0.46,0.19,2,1
6.3481,10.8410,0.85,0.19,4,1
3.9628,23.1539,0.11,0.11,1,4
9.2642,9.7553,0.53,0.24,3,1
13.6112,9.6170,0.34,0.19,1,3
23.6316,5.4016,0.54,0.24,3,4
13.6981,3.8535,0.22,0.17,4,2
1.7889,13.6846,0.88,0.21,3,1
5.7249,15.3548,0.83,0.16,4,3
11.0319,15.9298,0.32,0.12,4,2
7.4232,12.4994,0.89,0.24,4,2
14.2490,18.7109,0.97,0.11,3,3
15.7512,12.8109,0.34,0.12,1,2
10.0380,17.9147,0.84,0.15,4,2
7.8149,2.0600,0.05,0.09,1,1
1.9149,14.0465,0.37,0.16,3,3
8.6324,7.5755,0.13,0.12,2,2
18.1390,6.8811,0.01,0.16,2,2
8.2062,11.7830,0.09,0.19,3,2
1.5711,24.6648,0.07,0.06,2,2
3.6594,6.5716,0.60,0.13,4,3
12.0465,13.6736,0.82,0.23,1,3
4.7532,6.1641,0.42,0.16,4,1
11.8197,0.4123,0.94,0.07,3,1
16.6478,14.4665,0.64,0.07,4,3
2.0058,4.2608,0.40,0.21,4,2
24.9259,11.8603,0.43,0.11,1,4
6.8877,3.3997,0.22,0.23,1,1
8.5785,14.6152,0.07,0.18,3,1
9.8637,7.7322,0.66,0.06,1,2
9.1982,6.9812,0.82,0.09,1,2
10.3895,19.3568,0.58,0.06,3,1
10.6126,6.8287,0.95,0.10,4,4
9.4754,16.0207,0.96,0.10,2,1
6.8197,3.9877,0.64,0.14,4,3
3.1749,8.1556,0.72,0.07,4,4
8.9959,12.7854,0.09,0.08,3,2
14.7281,15.7003,0.42,0.13,3,3
11.4559,15.1217,0.92,0.17,1,2
11.0135,4.2737,0.25,0.10,2,1
13.4683,6.0915,0.65,0.14,1,3
12.8799,8.6124,0.97,0.18,3,4
15.2128,11.6790,0.37,0.05,1,2
12.4408,17.1956,0.75,0.19,3,3
18.5842,10.9399,0.50,0.11,1,4
3.7579,7.1851,0.74,0.18,3,4
7.0763,6.6469,0.37,0.09,1,3
5.1986,5.8152,0.60,0.15,1,2
6.1498,19.0366,0.01,0.08,3,1
1.1501,9.5787,0.53,0.15,4,2
4.6312,17.9895,0.98,0.23,3,3
7.6429,10.6991,0.33,0.08,1,1
10.8973,16.2138,0.70,0.23,3,4
5.7046,2.9882,0.03,0.17,3,2
17.3100,3.0407,0.42,0.20,2,4
18.0525,9.8043,0.78,0.12,3,3
14.0022,16.8804,0.78,0.19,2,4
5.2087,0.1732,0.43,0.20,3,4
6.8557,9.6149,0.31,0.06,4,1
10.2603,16.0336,0.45,0.15,4,3
11.2417,10.5664,0.05,0.12,1,1
14.3209,10.9751,0.36,0.06,3,4
8.1137,0.4440,0.93,0.15,3,1
9.8883,12.3823,0.86,0.10,1,3
8.1012,4.3434,0.25,0.18,4,1
8.9782,8.8246,0.33,0.06,3,4
6.5933,10.5925,0.77,0.23,3,1
3.5578,18.1775,0.07,0.09,2,2
0.5337,4.2600,0.96,0.07,1,4
3.9333,13.3805,0.99,0.25,2,1
6.5895,8.9870,0.27,0.17,1,2
2.8750,13.7397,0.73,0.08,4,2
15.7502,10.8716,0.69,0.08,1,1
15.5722,2.0855,0.22,0.22,4,1
8.2640,13.0560,0.31,0.22,4,2
14.4273,3.8333,0.29,0.05,2,4
3.0624,1.3546,0.95,0.08,3,3
5.8290,14.0000,0.41,0.11,2,2
9.2186,4.0596,0.73,0.16,4,3
8.4740,4.1331,0.00,0.09,1,4
11.7921,10.8024,0.24,0.19,1,1
10.7030,6.7047,0.38,0.09,3,1
13.6844,1.1334,0.87,0.12,2,4
17.7642,2.8632,0.78,0.05,3,2
14.8379,6.1986,0.28,0.06,2,1
17.6180,0.2884,0.74,0.11,2,4
16.4758,12.6242,0.49,0.21,1,1
6.2493,11.7347,0.60,0.08,2,3
6.2912,14.1029,0.79,0.05,3,2
16.2949,7.2194,0.68,0.08,1,2
16.2432,6.7652,0.47,0.10,2,3
11.8455,5.3603,0.36,0.23,4,3
9.4519,13.7367,0.90,0.10,1,3
12.3402,9.1894,0.89,0.22,1,4
14.3898,13.0839,0.74,0.23,1,2
1.8856,2.2563,0.35,0.16,4,1
12.6564,7.4564,0.41,0.14,2,4
0.5512,19.0629,0.38,0.07,1,1
13.0891,18.1199,0.18,0.13,4,3
9.2265,22.4091,0.82,0.09,2,2
10.0397,14.1147,0.10,0.23,4,4
12.1009,11.0488,0.53,0.16,3,3
3.0237,3.9315,0.12,0.22,3,1
4.4567,10.9348,0.91,0.15,3,2
8.8745,11.9742,0.64,0.13,2,3
8.9103,12.7760,0.23,0.09,2,3
9.0260,3.2781,0.24,0.07,3,3
5.2693,7.8323,0.86,0.14,4,3
11.6680,9.2125,0.19,0.14,4,1
11.8113,16.6407,0.97,0.10,1,2
6.7912,11.0715,0.87,0.13,2,4
18.2167,15.4660,0.15,0.09,2,4
17.5912,22.0338,0.08,0.06,2,1
15.2558,4.5123,0.32,0.21,1,4
13.9827,14.3457,0.79,0.18,1,4
17.9925,0.9563,0.46,0.07,2,1
19.5224,5.6731,0.26,0.24,4,3
7.3227,15.7527,0.69,0.05,2,1
12.2404,5.1444,0.16,0.22,2,2
5.6741,13.6657,0.48,0.22,1,4
7.8383,10.2006,0.61,0.09,2,1
20.5534,16.2458,0.57,0.13,1,3
4.1410,10.8588,0.44,0.21,2,1
11.6269,5.6996,0.68,0.24,1,4
4.9102,0.1648,0.70,0.08,2,3
23.5592,11.5885,0.93,0.10,2,4
1.6054,11.2971,0.83,0.11,4,4
26.9404,18.2911,0.31,0.19,2,1
20.3888,6.1760,0.49,0.13,4,3
13.6710,5.7107,0.90,0.11,4,4
11.1428,10.4356,0.47,0.21,4,1
18.2204,13.0784,0.30,0.15,4,4
18.5432,15.1224,0.09,0.08,1,2
10.3863,24.6177,0.79,0.11,1,4
11.3907,5.5667,0.01,0.09,2,4
15.2597,7.9150,0.65,0.15,4,4
4.0292,1.5772,0.60,0.25,3,4
11.0303,11.8480,0.48,0.24,1,3
3.3863,6.7480,0.41,0.14,1,2
9.3609,7.8523,0.73,0.07,3,1
0.0509,10.9248,0.20,0.12,3,4
7.9214,19.9041,0.47,0.13,2,3
10.9140,11.6260,0.72,0.14,4,2
15.1388,13.2113,0.93,0.17,2,4
11.7247,5.4449,0.28,0.18,3,1
10.0602,8.6397,0.25,0.09,1,3
23.4007,3.1312,0.83,0.18,4,4
14.3801,7.3318,0.81,0.17,3,1
8.4154,16.9602,0.90,0.15,2,2
5.5241,17.4562,0.02,0.25,2,2
8.7500,13.2882,0.68,0.23,4,2
9.3156,15.0854,0.57,0.14,3,1
20.5829,8.2472,0.05,0.13,1,3
1.2346,3.7204,0.10,0.08,1,3
9.8599,0.8828,0.94,0.17,4,1
11.1813,1.9503,0.52,0.22,3,1
19.7537,7.5355,0.83,0.08,3,1
7.8831,18.9535,0.89,0.13,3,4
13.5695,19.0741,0.57,0.19,1,3
3.3315,1.5764,0.69,0.09,2,1
7.1097,20.7271,0.16,0.10,2,2
17.8244,1.4496,0.09,0.10,1,2
5.0875,8.9097,0.33,0.13,4,1
4.1819,2.8257,0.09,0.11,4,3
2.0613,4.0557,0.67,0.13,1,2
2.3302,11.7376,0.63,0.22,2,4
8.3200,11.1345,0.75,0.18,1,1
9.1943,4.7321,0.96,0.18,2,3
3.0040,3.3249,0.23,0.10,3,1
16.4486,5.1728,0.80,0.17,4,2
9.6262,0.0566,0.22,0.08,1,1
15.6058,6.2260,0.40,0.18,1,4
6.0768,16.1063,0.23,0.10,2,3
19.5687,12.3493,0.82,0.22,1,4
14.0841,13.2752,0.55,0.11,2,3
13.4863,10.2624,0.26,0.14,1,2
5.6216,9.9135,0.96,0.13,2,4
3.3438,16.5515,0.45,0.07,1,4
0.4594,8.5833,0.27,0.13,1,4
8.8971,3.7851,0.42,0.10,4,1
12.7130,4.0759,0.53,0.10,4,4
2.4364,10.0524,0.84,0.06,3,1
1.5024,1.4036,0.21,0.16,2,4
24.0685,1.8859,0.67,0.18,4,2
13.5010,0.8304,0.63,0.14,2,1
22.3230,20.7411,0.64,0.19,4,4
9.6860,12.5710,0.01,0.05,4,4
4.8512,2.9060,0.17,0.20,2,3
5.8793,15.4113,0.56,0.23,4,1
17.6690,16.3909,0.09,0.25,2,4
9.1552,13.5899,0.56,0.16,1,2
2.5576,15.5361,0.03,0.07,1,3
5.2092,11.6239,0.53,0.18,3,4
0.7288,17.9240,0.15,0.16,2,2
13.7479,9.8663,0.55,0.22,2,3
17.2077,12.6276,0.99,0.22,2,2
17.5261,1.7440,0.03,0.07,3,4
11.5446,7.1516,0.36,0.22,2,3
2.4966,17.3831,0.83,0.14,1,2
12.2907,5.8554,0.15,0.24,2,2
11.2190,13.3521,0.70,0.19,3,3
10.7776,5.9661,0.91,0.16,1,3
7.6876,13.4542,0.03,0.10,3,1
14.5374,5.5077,0.68,0.23,4,3
17.4160,12.9965,0.89,0.08,1,4
11.6315,7.3397,0.06,0.14,4,3
11.7483,9.7580,0.52,0.10,3,4
15.8924,7.1399,0.33,0.13,2,2
6.2143,13.0521,0.33,0.14,2,1
10.6701,3.7084,0.09,0.23,3,1
15.9091,6.8518,0.79,0.09,4,1
13.3872,0.2751,0.52,0.21,2,1
1.7766,14.1119,0.75,0.23,1,1
6.2103,8.3803,0.74,0.06,2,3
11.2815,13.6566,0.21,0.07,1,2
11.5377,20.5929,0.36,0.07,4,4
11.9706,10.8487,0.37,0.22,1,4
4.9992,4.9663,0.33,0.13,2,1
13.8397,13.5603,0.53,0.18,3,3
11.8710,7.3533,0.82,0.10,3,2
15.0529,0.7431,0.93,0.24,3,3
11.4817,7.4703,0.83,0.07,1,2
7.3147,4.8340,0.46,0.07,4,4
10.1018,14.9159,0.85,0.16,1,3
4.5184,14.9446,0.01,0.18,4,1
16.0912,10.3512,0.64,0.12,3,2
7.0222,7.0613,0.03,0.07,3,1
15.7050,6.4961,0.95,0.16,3,2
17.6479,13.3155,0.40,0.09,2,3
6.6333,10.4772,0.79,0.07,4,1
15.8415,5.7846,0.00,0.17,1,4
13.6727,12.7855,0.35,0.12,2,3
2.2905,17.8123,0.04,0.13,2,4
8.2547,13.7669,0.22,0.17,3,3
8.3602,4.8461,0.12,0.19,1,4
7.5017,8.7088,0.54,0.07,4,3
10.1181,10.1814,0.03,0.16,1,4
5.4913,10.1800,0.04,0.23,1,1
9.7786,12.7406,0.39,0.13,3,3
13.5998,20.7428,0.75,0.05,2,1
0.3779,12.3445,0.03,0.08,2,1
3.7641,4.7608,0.73,0.19,2,4
7.1123,11.1370,0.93,0.22,4,3
4.9308,15.2425,0.36,0.08,2,4
9.7702,5.2701,0.02,0.13,2,4
7.7921,19.5624,0.67,0.12,2,1
3.1863,9.4024,0.72,0.24,3,4
0.7754,6.5624,0.34,0.22,3,3
14.0702,3.1347,0.76,0.24,2,1
2.4747,15.8193,0.76,0.20,4,4
8.2175,11.2651,0.82,0.11,2,2
11.8062,16.7328,0.75,0.14,3,1
5.2052,8.0477,0.94,0.11,2,2
5.2246,7.9568,0.74,0.23,4,3
11.8663,10.5857,0.12,0.16,3,4
13.7169,11.3958,0.42,0.15,4,1
9.0484,16.7852,0.17,0.22,1,2
2.8953,17.9599,0.60,0.25,1,2
4.0209,20.2655,0.57,0.14,3,4
15.2657,12.2354,0.20,0.07,1,1
17.3284,8.7830,0.14,0.09,1,4
2.2243,0.2937,0.58,0.21,2,4
1.8643,0.7373,0.62,0.20,2,2
15.5463,3.5391,0.58,0.14,4,3
11.9661,11.3809,0.00,0.24,2,2
13.3739,6.9620,0.03,0.17,4,4
3.4991,6.2191,0.44,0.21,1,4
7.9545,1.3814,0.57,0.13,3,4
2.8346,1.6331,0.95,0.15,1,1
3.7858,8.5400,0.26,0.07,4,3
7.1031,11.5174,0.70,0.11,4,2
8.2358,10.7525,0.56,0.24,1,3
7.9417,16.9059,1.00,0.08,2,3
15.1222,13.0820,0.98,0.16,3,2
9.2950,13.5690,0.72,0.07,2,1
7.4611,12.6915,0.72,0.15,4,2
5.0448,16.8075,0.38,0.12,2,3
2.8570,10.2664,0.19,0.19,1,4
11.0615,8.7255,0.68,0.15,4,3
10.0285,20.0651,0.40,0.23,3,2
12.0671,8.4273,0.11,0.14,3,3
16.8331,9.9412,0.68,0.10,2,2
2.4415,21.7045,0.81,0.17,2,4
6.6534,9.6060,0.15,0.07,2,3
13.6652,19.0250,0.44,0.08,4,3
11.0332,13.5025,0.58,0.10,3,2
9.3070,11.9499,0.97,0.09,2,2
12.1862,0.3299,0.30,0.09,3,3
10.2776,7.6098,0.19,0.12,4,3
15.8599,6.7875,0.19,0.08,3,3
17.4010,5.4888,0.22,0.10,3,4
8.8679,21.3863,0.29,0.08,1,4
8.4372,2.1636,0.49,0.19,4,3
11.2321,17.3041,0.38,0.24,3,4
0.9377,13.9141,0.22,0.24,1,1
3.7523,8.5815,0.38,0.10,3,4
13.8612,13.3264,0.93,0.10,1,1
20.7612,13.8474,0.07,0.24,1,3
12.9230,10.5367,0.61,0.22,4,1
10.7539,3.6334,0.43,0.25,3,4
7.4441,6.9599,0.91,0.22,3,3
14.2855,13.3881,0.49,0.24,2,1
10.8008,4.9847,0.41,0.21,3,2
14.9166,14.6816,0.08,0.16,2,2
8.4557,2.5526,0.73,0.15,2,3
4.8637,5.9483,0.30,0.10,2,3
6.1054,11.8627,0.91,0.12,4,1
7.7407,17.0675,0.05,0.12,3,3
1.7407,17.9157,0.82,0.14,2,1
2.1615,11.1011,0.54,0.21,2,1
2.6494,8.7169,0.16,0.06,3,1
3.9817,21.8535,0.70,0.07,2,4
6.8694,16.4522,0.62,0.15,3,1
9.8489,15.6006,0.91,0.06,1,3
5.0581,3.4584,0.88,0.07,1,3
17.0482,11.3398,0.67,0.11,4,2
28.1753,5.8150,0.59,0.14,2,2
5.9663,11.8295,0.20,0.10,2,4
16.2223,1.8757,0.46,0.09,4,1
21.4825,7.3873,0.31,0.07,1,2
8.6724,12.7389,0.15,0.12,3,4
12.8782,7.0307,0.93,0.10,4,4
15.9869,10.7034,0.50,0.18,4,1
10.9948,6.8872,0.01,0.14,3,4
5.6056,8.5742,0.78,0.09,3,1
12.7173,8.9039,0.61,0.24,3,1
12.9226,13.4995,0.23,0.24,4,4
8.6705,16.3539,0.44,0.17,3,3
18.4751,12.7153,0.56,0.23,1,3
14.9788,8.2131,0.03,0.13,2,2
11.4910,3.7007,0.88,0.06,2,4
8.9019,1.6679,0.68,0.25,1,3
8.2215,0.6555,0.35,0.17,2,2
17.0178,21.0639,0.12,0.11,3,3
4.5998,6.1079,0.53,0.16,4,1
5.5362,5.9491,0.51,0.10,1,1
12.2668,10.2936,0.69,0.13,2,3
8.4015,2.8895,0.07,0.06,1,2
8.1340,9.6123,0.79,0.21,3,4
9.1757,6.6969,0.56,0.21,4,1
11.7126,2.2522,0.76,0.10,3,4
15.0831,18.1859,0.26,0.10,3,4
2.0787,11.3324,0.62,0.20,1,1
10.3062,7.3368,0.56,0.07,3,3
13.7435,17.4580,0.98,0.20,1,2
24.5192,14.8195,0.72,0.13,1,3
5.8940,14.0018,0.52,0.21,2,1
9.0601,5.9793,0.59,0.09,4,4
5.3111,17.2309,1.00,0.11,4,3
11.8294,3.3007,0.28,0.23,2,1
17.1451,16.2213,0.06,0.17,1,2
10.5319,5.7892,0.30,0.12,3,2
6.4526,12.0794,0.63,0.17,2,1
10.8576,11.3441,0.54,0.22,4,4
7.5490,20.9335,0.92,0.09,2,3
16.6400,20.7686,0.68,0.12,1,1
5.9156,10.7507,0.90,0.14,2,4
9.4918,7.3516,0.42,0.15,1,3
10.6243,0.5428,0.61,0.14,1,4
2.9680,10.7325,0.26,0.07,1,3
3.7971,13.3271,0.24,0.20,4,4
8.9787,16.9091,0.07,0.09,2,4
8.6537,15.7127,0.85,0.12,3,3
14.6657,14.5842,0.32,0.07,3,2
7.5759,8.9610,0.36,0.07,2,4
23.1392,12.8387,0.23,0.19,3,1
16.9913,19.0356,0.55,0.06,4,4
0.1707,11.1345,0.58,0.10,2,2
17.7437,7.7310,0.77,0.15,4,4
9.6317,9.1031,0.80,0.17,1,4
18.6593,14.5392,0.72,0.20,4,4
23.6838,8.6590,0.99,0.14,3,2
7.9258,4.4024,0.57,0.08,3,3
20.0707,13.5414,0.01,0.21,1,1
7.0087,12.2500,0.12,0.24,3,2
9.2853,16.1665,0.72,0.09,2,3
0.6414,4.0152,0.05,0.10,2,1
2.0971,8.9788,0.31,0.19,2,4
5.8376,2.4810,0.62,0.07,3,4
10.4800,21.0460,0.20,0.16,2,4
17.4635,15.1832,0.30,0.12,1,2
12.4950,5.2668,0.01,0.12,4,3
10.2739,6.5187,0.21,0.22,4,2
4.4514,9.2868,0.26,0.12,3,1
2.8921,18.4852,0.46,0.22,4,1
10.6051,3.4039,0.55,0.12,3,2
11.0285,14.7574,0.53,0.18,4,4
0.3778,20.0220,0.47,0.06,2,3
15.0034,13.8979,0.72,0.14,4,3
12.2161,2.2697,0.73,0.19,2,4
0.9750,15.0998,0.51,0.17,4,4
11.6321,8.8842,0.97,0.19,3,1
9.3235,11.7668,0.15,0.07,3,2
7.5711,19.7794,0.95,0.10,2,1
8.7630,22.8019,0.04,0.21,1,2
1.4404,19.2410,0.33,0.22,3,3
7.2281,6.1491,0.47,0.23,3,3
10.2680,1.4627,0.94,0.22,4,3
13.7685,13.6979,0.99,0.14,2,4
9.0090,6.7491,0.77,0.17,1,4
5.9672,7.2596,0.87,0.11,3,3
5.7273,11.9703,0.38,0.12,1,3
6.7263,10.7607,0.94,0.09,3,3
9.5442,12.6831,0.75,0.11,2,1
8.3272,16.4173,0.73,0.16,1,3
17.9030,17.5168,0.92,0.12,3,3
16.7045,18.8572,0.59,0.25,1,2
3.7066,6.5737,0.24,0.23,3,3
4.6005,8.4163,0.75,0.12,4,2
23.5702,4.6839,0.80,0.19,4,3
13.7429,10.7079,0.88,0.14,2,3
10.8469,14.6930,0.94,0.14,4,4
11.1753,25.3699,0.67,0.23,2,2
6.2586,19.2683,0.86,0.23,1,2
1.4790,12.8592,0.60,0.22,4,4
11.3623,15.6342,0.45,0.09,4,4
12.4429,8.4720,0.62,0.08,4,2
0.6281,16.5634,0.00,0.10,2,1
15.3737,9.7988,0.79,0.18,1,1
11.1542,16.6685,0.17,0.11,1,1
0.1267,3.4726,0.22,0.16,1,3
18.8343,15.8918,0.37,0.24,2,1
12.1335,12.0234,0.46,0.09,1,3
10.6559,8.2006,0.23,0.24,1,4
9.1746,19.2170,0.11,0.25,3,3
12.8548,11.2705,0.91,0.18,3,2
4.8374,9.3541,0.09,0.08,4,3
7.0105,7.0360,0.73,0.10,3,4
16.6158,14.5929,0.21,0.12,4,1
17.2999,1.4101,0.08,0.10,1,4
5.2853,15.5000,0.47,0.07,4,3
5.0246,3.7440,0.98,0.06,1,2
11.6345,18.0967,0.15,0.13,4,4
11.3509,8.7396,0.28,0.23,2,3
12.6865,7.5499,0.62,0.12,1,1
10.6107,15.3718,0.17,0.15,1,2
5.6225,8.8945,0.51,0.13,3,4
19.8233,12.1762,0.82,0.10,4,2
0.5760,9.9331,0.36,0.11,1,3
7.2376,9.1082,0.64,0.24,2,1
13.9942,3.6085,0.61,0.18,3,3
5.7112,6.3556,0.12,0.09,2,4
11.3441,2.1671,0.28,0.19,2,4
4.6413,11.5581,0.87,0.23,2,4
21.3442,8.8353,0.37,0.11,2,2
6.7757,16.3761,0.14,0.22,3,4
14.8892,9.9494,0.44,0.09,2,2
9.3935,3.9021,0.31,0.24,3,4
3.0412,0.8391,0.04,0.15,4,2
10.7205,17.2995,0.83,0.10,1,4
9.3506,17.2693,0.93,0.20,1,4
20.6866,12.0620,0.87,0.15,4,3
14.1044,3.7006,0.16,0.19,3,1
10.2427,23.3871,0.01,0.23,4,3
14.4289,10.6928,0.14,0.12,1,3
6.5383,8.4198,0.52,0.21,2,1
6.6501,8.3975,0.67,0.18,1,3
3.8012,10.4408,0.19,0.08,2,1
5.8464,11.8634,0.51,0.07,2,1
6.8330,14.6946,0.49,0.06,3,2
12.8058,11.4487,0.51,0.17,1,2
11.7822,2.0811,0.86,0.08,1,4
11.1035,11.0750,0.47,0.19,4,4
23.2155,0.7973,0.38,0.07,2,2
9.3148,4.6054,0.20,0.21,4,4
19.8861,16.8507,0.02,0.23,4,2
14.8962,7.6751,0.82,0.12,1,4
11.2546,14.3809,0.47,0.15,3,2
15.3787,7.7039,0.42,0.21,2,2
4.1637,6.3229,0.32,0.23,1,4
9.7405,20.3595,0.42,0.25,3,2
0.4298,5.6109,0.04,0.14,2,2
2.9701,12.0478,0.18,0.15,3,1
5.0285,9.3469,0.73,0.09,3,1
27.4665,15.8347,0.10,0.07,1,3
5.7297,6.1252,0.18,0.09,1,1
10.7357,0.5740,0.18,0.06,4,3
15.7900,9.2250,0.89,0.14,4,3
10.3042,0.5942,0.16,0.09,2,2
15.0449,11.3021,0.11,0.11,4,3
8.6615,15.3380,0.33,0.23,4,1
4.2115,3.1816,0.70,0.16,4,1
18.5492,13.9203,0.22,0.07,2,1
9.9376,12.5959,0.96,0.10,1,4
14.4322,9.9293,0.64,0.24,1,2
13.7903,13.4552,0.86,0.12,4,3
18.0972,13.8847,0.25,0.14,1,4
11.9295,3.2645,0.49,0.06,3,2
19.6795,20.5697,0.49,0.13,1,4
7.3529,5.2923,0.74,0.20,2,1
6.3114,17.7988,0.29,0.17,3,1
10.2157,11.9690,0.32,0.05,4,1
0.0850,10.2358,0.04,0.22,3,3
10.1136,12.0175,0.29,0.21,3,2
9.8833,4.2526,0.37,0.21,2,1
16.7263,2.6253,0.11,0.20,1,2
14.3434,10.2866,1.00,0.24,4,4
5.3347,12.4743,0.40,0.16,2,2
11.5387,4.6080,0.32,0.14,3,1
4.5793,15.3799,0.75,0.10,3,1
4.3819,5.8061,0.98,0.12,1,3
19.5465,4.9728,0.48,0.13,4,4
4.1639,17.3790,0.31,0.15,3,1
18.4472,0.4227,0.56,0.22,4,4
11.4354,9.6823,0.84,0.07,3,1
16.1112,10.9360,0.74,0.14,1,4
19.3208,12.9881,0.18,0.24,2,3
15.4339,14.2286,0.86,0.06,4,2
6.5046,9.0914,0.50,0.16,4,4
5.6931,10.1343,0.02,0.12,4,3
7.1465,9.7537,0.09,0.06,1,1
11.2842,4.5380,0.31,0.08,2,4
9.2532,6.9232,0.27,0.24,4,3
11.6526,7.4202,0.29,0.13,3,2
14.5268,5.6495,0.14,0.22,2,2
11.9222,1.0142,0.02,0.11,2,2
19.2442,4.9569,0.26,0.18,3,4
8.5058,7.6003,0.03,0.18,1,1
17.4341,1.3006,0.34,0.13,4,1
18.5352,8.5308,0.70,0.17,3,3
2.9514,12.5109,0.67,0.06,4,1
17.1888,11.9046,0.82,0.18,3,4
13.7226,15.0405,0.48,0.16,2,2
20.8256,5.0118,0.22,0.20,2,3
6.7611,12.8637,0.15,0.11,3,1
19.4616,9.7805,0.13,0.06,4,2
13.3637,16.7952,0.85,0.14,4,4
6.7080,6.7630,0.42,0.08,2,4
2.3414,11.0869,0.83,0.08,2,2
13.0880,0.2361,0.63,0.23,3,4
13.1170,17.5832,0.12,0.24,1,3
4.2082,3.2297,0.57,0.23,4,3
10.8286,12.0865,0.42,0.12,3,2
12.8714,16.6192,0.79,0.08,1,3
10.9000,15.8306,0.37,0.14,2,3
8.2385,9.3387,0.38,0.13,4,3
15.0837,8.6361,0.42,0.17,1,2
4.4730,11.9445,0.23,0.19,2,2
17.3657,4.8751,0.62,0.22,3,1
10.1010,6.7812,0.91,0.15,2,3
3.4061,12.3180,0.73,0.16,2,3
3.2138,8.1006,0.01,0.07,4,2
12.4935,20.1781,0.49,0.21,2,2
8.3418,3.7508,0.06,0.22,2,4
10.8398,4.7639,0.95,0.15,4,3
4.1940,13.2737,0.67,0.11,1,1
14.3230,9.7471,0.29,0.24,4,3
13.2815,15.2907,0.35,0.19,4,4
11.2097,7.6889,0.36,0.10,2,2
16.3168,7.5019,0.93,0.16,3,3
1.4978,10.7216,0.97,0.17,4,1
5.7987,11.3317,0.09,0.22,3,4
13.8960,15.4631,0.05,0.10,4,2
15.0361,21.1237,0.80,0.07,1,2
21.2320,9.0586,0.79,0.21,4,1
5.5722,20.3076,0.64,0.10,4,2
13.8423,9.2932,0.51,0.18,2,3
9.6582,10.2949,0.89,0.17,3,2
2.8829,3.1532,0.03,0.11,3,3
4.6818,5.7440,0.60,0.13,4,1
13.0460,9.8004,0.47,0.08,1,1
8.0167,18.9805,0.18,0.06,2,4
13.1249,2.8260,0.05,0.14,3,3
0.0783,0.4011,0.87,0.23,2,4
1.2041,7.4144,0.02,0.23,1,1
19.2521,11.0359,0.83,0.16,1,4
11.8498,2.3275,0.75,0.06,3,2
5.8378,12.2007,0.17,0.19,1,1
13.3530,9.9847,0.91,0.14,2,1
7.9845,11.3342,0.23,0.17,2,4
9.4063,10.2842,0.56,0.21,4,3
14.0231,11.3233,0.52,0.25,4,1
6.9931,10.5417,0.40,0.16,4,3
18.4380,0.6879,0.96,0.20,4,4
14.4175,5.4125,0.77,0.11,2,3
7.8561,21.5732,0.24,0.09,4,4
8.4387,3.2795,0.36,0.08,4,2
10.9952,2.9648,0.00,0.05,2,2
2.5241,15.6468,0.86,0.23,4,1
12.2158,5.2305,0.70,0.21,1,2
9.9875,0.1056,0.76,0.24,1,1
18.0871,10.1743,0.97,0.07,4,2
14.5256,12.1558,0.83,0.22,1,4
8.8351,2.5227,0.14,0.09,2,2
18.2757,13.2814,0.01,0.24,3,2
0.4678,21.0394,0.91,0.08,3,3
10.3947,14.5012,0.25,0.15,2,3
17.9139,18.9461,0.47,0.17,2,4
7.5267,3.5371,0.91,0.13,2,4
0.4834,9.8021,0.07,0.10,2,3
4.6875,6.7088,0.20,0.11,4,2
14.4976,19.5211,0.49,0.17,2,4
6.2441,2.8141,0.05,0.16,3,4
12.9107,13.7753,0.54,0.11,2,1
6.1364,18.6020,0.01,0.22,1,4
4.2424,8.5932,0.09,0.05,1,3
0.2277,1.2324,0.69,0.07,2,2
16.4946,3.5064,0.33,0.20,3,4
20.7391,0.6566,0.36,0.11,2,4
15.7324,13.0789,0.14,0.05,2,1
21.6290,20.8582,0.39,0.25,4,1
1.7106,7.0884,0.17,0.06,3,1
2.6980,7.7586,0.80,0.25,2,4
11.5808,20.5882,0.83,0.16,3,3
11.0505,9.6433,0.80,0.06,2,1
16.6620,10.0534,0.52,0.17,1,1
17.9860,7.6238,0.36,0.11,1,1
21.6439,6.8331,0.09,0.24,1,4
5.5706,0.7189,0.80,0.06,3,3
10.3335,11.5552,0.27,0.16,2,4
12.2388,16.1008,0.49,0.19,3,3
18.2986,1.4492,0.90,0.15,4,3
10.9083,5.1104,0.57,0.09,2,1
16.0366,0.1853,0.81,0.13,1,1
6.9694,11.5677,0.38,0.14,3,1
15.9816,15.7434,0.65,0.08,4,3
9.0212,5.5267,0.10,0.22,4,4
14.3774,5.4727,0.98,0.12,4,1
10.9370,1.7652,0.75,0.12,3,2
1.5551,7.9096,0.01,0.17,3,1
8.6572,8.7181,0.99,0.06,4,2
3.0009,26.2078,0.02,0.17,2,2
10.7131,19.7733,0.00,0.05,4,1
4.7232,4.4731,0.66,0.09,2,4
9.2386,1.0883,0.34,0.13,4,1
5.2735,9.7080,0.13,0.06,3,4
16.5797,16.4332,0.69,0.18,1,3
12.6161,4.0904,0.80,0.18,2,1
13.4558,9.4369,0.74,0.14,2,2
3.4216,17.5814,0.32,0.18,4,2
8.1548,4.5088,0.10,0.14,4,3
6.5851,0.0837,0.56,0.10,1,4
0.1108,8.7237,0.28,0.18,3,1
17.2610,18.2420,0.77,0.19,1,2
5.7140,15.1355,0.19,0.12,3,4
0.9460,15.3984,0.13,0.05,3,4
7.1568,15.7894,0.36,0.10,2,2
2.3434,7.1533,0.92,0.07,2,4
16.4231,17.3895,0.29,0.06,2,3
1.8587,4.2537,0.76,0.09,3,3
12.2978,16.4785,0.70,0.18,3,1
8.5919,5.8571,0.45,0.23,2,4
0.1922,4.0726,0.62,0.10,3,3
12.5668,14.2590,0.40,0.13,3,1
7.3276,1.1828,0.24,0.18,4,2
5.1051,4.3855,0.80,0.23,2,2
7.0312,18.7168,0.55,0.08,2,4
6.0003,11.9718,0.78,0.09,1,2
12.6610,7.1079,0.60,0.06,2,2
14.0921,14.8226,0.77,0.21,3,4
2.4851,13.9963,0.27,0.09,1,4
1.1139,3.5256,0.99,0.14,3,3
4.0007,9.3168,0.85,0.07,4,4
0.6062,15.1640,0.46,0.11,4,4
21.3992,21.7462,0.20,0.23,1,3
5.3298,0.2600,0.77,0.22,1,1
