11.4895,11.6990,0.25,0.06,2,3
6.1156,16.2057,0.70,0.23,1,4
6.9971,4.9414,0.24,0.12,4,2
8.5418,20.2095,0.50,0.08,2,3
2.0060,16.1115,0.60,0.07,4,3
25.0729,10.8548,0.92,0.16,2,1
5.5489,13.7779,0.10,0.08,2,1
8.2291,14.8630,0.46,0.20,3,3
11.9274,3.3634,0.42,0.06,1,3
7.5427,18.9396,0.59,0.17,2,2
6.9313,4.1990,0.71,0.14,1,2
4.8264,0.3584,0.73,0.13,1,2
22.4724,6.7269,0.88,0.09,1,1
9.9662,1.8123,0.38,0.17,2,1
16.4445,7.9440,0.80,0.21,3,3
11.4138,11.1278,0.93,0.12,2,3
7.9503,21.3718,0.88,0.17,4,3
9.0216,0.1087,0.47,0.06,4,1
6.1183,5.8614,0.98,0.19,1,1
20.2885,12.3142,0.66,0.11,4,4
13.6044,6.8966,0.32,0.18,3,4
8.1746,10.4493,0.08,0.19,1,3
14.4555,7.5460,0.98,0.15,3,1
21.3924,11.3714,0.64,0.12,2,4
5.4474,0.9582,0.65,0.23,4,1
14.6368,9.8399,0.86,0.23,4,3
13.2809,4.8568,0.92,0.12,3,3
4.2300,14.9174,0.77,0.09,1,3
18.3856,7.7050,0.91,0.12,3,2
1.2092,12.4148,0.30,0.16,2,4
13.5111,2.7611,0.20,0.21,4,2
4.8979,5.5426,0.71,0.24,3,3
1.1227,4.4207,0.86,0.21,3,3
8.8419,0.2782,0.97,0.05,3,1
7.6911,9.1102,0.44,0.24,1,4
7.4718,10.5394,0.51,0.16,3,4
9.2046,8.4181,0.93,0.13,2,3
6.7913,11.1966,0.85,0.23,3,1
9.8571,18.0713,0.46,0.07,3,1
2.0332,14.2114,0.93,0.07,1,4
11.4056,6.1296,0.67,0.25,4,4
10.9999,11.9918,0.29,0.22,3,4
14.4222,11.2003,0.81,0.05,4,3
7.5660,5.0984,0.25,0.19,2,2
13.0957,7.6853,0.50,0.19,3,1
8.5318,11.0437,0.58,0.23,2,3
17.5098,3.2396,0.15,0.23,4,1
22.6144,5.8428,0.71,0.21,4,2
10.2231,9.6470,0.84,0.22,4,1
13.8352,11.4077,0.39,0.05,3,1
19.4174,13.2349,0.59,0.17,3,4
19.7859,5.8046,0.37,0.14,1,1
8.5683,5.2605,0.37,0.16,4,4
17.4067,9.7280,0.49,0.07,4,4
10.5508,8.3703,0.20,0.11,4,4
6.6984,0.4366,0.32,0.22,2,3
7.3768,17.5666,0.02,0.19,3,2
2.1464,2.1046,0.67,0.09,1,3
5.6171,9.9173,0.82,0.11,1,4
17.4264,18.1345,0.50,0.12,4,3
14.7188,9.9147,0.62,0.22,4,4
16.8156,6.0138,0.97,0.21,1,1
3.5962,21.3166,0.59,0.11,2,2
7.6544,7.8919,0.29,0.20,2,1
18.0971,2.3363,0.24,0.09,4,2
10.3321,14.5402,0.32,0.16,1,1
8.5591,3.9854,0.11,0.05,4,2
8.5317,7.7166,0.25,0.11,3,2
2.1822,13.1666,0.61,0.18,3,3
20.0654,11.3364,0.99,0.08,1,1
12.7298,16.2742,0.42,0.18,4,4
13.1498,2.5707,0.47,0.24,2,3
6.4885,12.0184,0.33,0.14,3,4
7.4499,1.9949,0.46,0.09,4,2
17.7462,4.5291,0.24,0.09,1,4
2.5726,13.4419,0.96,0.07,4,4
14.7014,3.7061,0.31,0.24,4,2
4.8980,7.7082,0.78,0.20,2,2
7.3530,18.8146,0.53,0.16,4,2
15.3519,14.0018,0.20,0.23,1,1
10.4961,7.2167,0.10,0.13,4,4
19.6577,1.1962,0.53,0.13,3,4
5.4493,11.3338,0.86,0.23,4,4
3.0089,17.5144,0.51,0.20,4,4
2.4160,8.0011,0.94,0.11,3,1
10.2352,13.0341,0.81,0.21,4,3
18.3465,3.4866,0.04,0.17,1,4
2.0902,8.2308,0.80,0.21,2,1
8.9939,11.4758,0.04,0.14,1,1
1.6123,2.7016,0.69,0.19,1,4
17.6495,14.8919,0.77,0.14,3,4
13.3170,13.7873,0.72,0.18,3,4
11.7817,8.8135,0.31,0.19,1,3
23.7779,10.9447,0.47,0.21,3,3
13.0683,16.7819,0.04,0.20,2,2
9.4808,11.6139,0.51,0.20,3,3
11.9375,13.7389,0.85,0.16,3,1
15.2407,6.5928,0.69,0.15,4,1
15.1542,7.7048,0.07,0.22,3,1
11.7991,4.9381,0.38,0.14,4,4
5.5054,1.1001,0.74,0.07,2,2
18.6161,10.6706,0.95,0.09,1,4
17.0464,9.6221,0.40,0.10,1,4
6.9536,16.9586,0.02,0.22,3,1
9.8856,9.5806,0.69,0.14,3,4
4.7227,8.9128,0.99,0.08,4,2
7.2823,13.8770,0.02,0.24,3,1
9.4656,8.6855,0.84,0.19,3,3
5.2187,0.4915,0.97,0.23,4,4
13.0793,4.5527,0.42,0.19,2,4
9.2576,10.1625,0.70,0.09,1,4
1.7969,7.8244,0.97,0.06,3,2
11.7107,5.5168,0.76,0.18,4,1
2.4315,9.9451,0.31,0.24,2,1
12.2860,2.3321,0.84,0.12,1,4
5.7764,0.2006,0.46,0.08,1,1
8.4987,10.0027,0.39,0.15,1,2
12.2378,8.7760,0.77,0.17,4,4
7.0610,2.7011,0.75,0.21,2,3
8.4594,7.6583,0.47,0.05,4,1
10.4608,8.6383,0.62,0.18,4,2
3.6724,5.9003,0.49,0.18,4,1
0.4468,12.9756,0.36,0.08,3,2
1.7470,15.3661,0.85,0.21,4,2
16.7442,9.5346,0.88,0.15,2,2
8.4258,1.1274,0.55,0.23,2,4
7.2672,14.8202,0.77,0.16,4,4
1.3384,16.2063,0.85,0.18,3,1
10.9069,14.7383,0.28,0.23,3,2
7.5988,6.3103,0.62,0.24,2,4
14.7462,12.7562,0.11,0.13,3,4
16.3853,8.6730,0.04,0.15,2,1
14.7764,6.2859,0.81,0.18,3,3
23.9869,22.4748,0.92,0.07,4,2
8.2522,9.0551,0.88,0.11,3,1
7.4985,17.5446,0.24,0.16,3,3
13.9237,5.3256,0.57,0.16,3,1
10.2121,14.6715,0.70,0.10,1,4
12.4414,10.6159,0.30,0.13,2,3
2.3146,1.3544,0.13,0.07,1,3
12.0298,6.4725,0.67,0.07,1,1
9.2152,7.2869,0.27,0.12,4,3
14.0551,11.5064,0.78,0.22,3,2
5.4566,5.1886,0.98,0.08,1,3
12.5341,7.4775,0.39,0.20,3,1
0.9275,14.2352,0.72,0.25,1,3
6.4529,8.1052,0.52,0.16,2,4
4.2961,9.3453,0.10,0.09,3,4
12.5898,5.9409,0.80,0.10,4,3
10.6072,6.4079,0.34,0.17,3,3
5.0180,16.1875,0.62,0.06,1,1
10.5209,2.5751,0.23,0.10,2,4
9.1920,14.0181,0.50,0.07,1,3
14.2715,17.8159,0.40,0.11,2,1
15.4201,10.3050,0.86,0.09,2,1
9.0821,7.2614,0.08,0.13,1,3
9.2962,3.6264,0.52,0.24,1,2
3.1942,15.2203,0.59,0.23,4,1
20.3389,1.0906,0.81,0.08,2,3
16.9148,2.2686,0.01,0.09,4,4
4.5782,16.0094,0.99,0.19,1,3
6.4573,8.6160,0.74,0.10,1,4
6.2192,7.2914,0.60,0.23,4,2
2.3915,3.1139,0.48,0.22,1,1
12.9766,4.5224,0.14,0.09,2,3
4.9982,14.9684,0.41,0.20,1,4
6.0636,11.4593,0.98,0.20,2,2
6.3609,11.6088,0.71,0.21,1,1
16.0495,4.7139,0.79,0.16,1,3
19.3379,2.4430,0.90,0.06,1,1
15.8948,8.4598,0.62,0.12,3,3
9.1375,7.2437,0.93,0.24,3,1
2.7574,5.5379,0.21,0.24,3,1
16.7510,14.9952,0.04,0.23,4,2
2.0036,8.8349,0.03,0.15,1,3
8.2827,7.8674,0.37,0.07,1,1
1.8793,2.5167,0.40,0.05,2,1
10.6922,20.3863,0.04,0.16,4,4
5.9062,0.6868,0.47,0.24,3,1
7.5044,14.8681,0.73,0.09,4,3
9.7020,9.2421,0.36,0.08,2,3
17.2557,11.4924,0.24,0.11,4,3
26.6581,1.1060,0.74,0.14,4,2
8.3493,10.0912,0.22,0.14,1,2
10.2775,4.9163,0.29,0.25,1,1
12.9732,3.8138,0.30,0.10,2,2
17.5342,6.5987,0.82,0.20,3,3
12.6667,6.4716,0.72,0.16,1,2
15.4294,15.5963,0.82,0.11,4,2
10.1138,20.9265,0.32,0.10,1,2
6.5750,2.6887,0.03,0.12,2,2
7.3966,13.2296,0.25,0.11,2,2
12.6570,12.8040,0.47,0.13,3,3
3.5412,9.8357,0.71,0.15,4,4
10.7157,6.7402,0.86,0.12,1,2
12.1024,13.2491,0.42,0.05,4,1
19.6082,8.2431,0.58,0.07,2,1
16.4588,14.2032,0.24,0.23,4,4
11.2634,11.8572,0.41,0.11,1,4
15.5223,3.8102,0.33,0.06,2,2
