13.2922,3.7267,0.21,0.22,4,4
8.8539,15.3323,0.24,0.06,3,1
15.7909,0.2868,0.25,0.22,2,1
15.1951,1.0145,0.06,0.10,3,3
8.2255,0.8879,0.23,0.11,3,4
13.4098,5.9371,0.31,0.12,2,4
16.0627,16.3468,0.63,0.23,3,3
2.7569,11.4738,0.68,0.19,1,3
8.7387,9.7330,0.13,0.15,1,4
23.1256,5.8967,0.31,0.23,4,4
8.8584,9.1155,0.55,0.25,1,1
11.9607,15.6130,0.29,0.09,2,2
13.8681,7.7677,0.30,0.17,1,4
2.8681,16.1735,0.48,0.21,2,2
17.2005,5.6133,0.43,0.17,1,1
12.3995,0.4543,0.26,0.13,3,2
8.9300,2.9664,0.31,0.08,2,4
18.3221,10.9539,0.28,0.07,1,1
17.8954,6.7128,0.06,0.16,3,2
6.4480,25.3504,0.51,0.19,4,1
13.2999,8.5429,0.33,0.19,2,4
20.1539,3.8901,0.90,0.11,1,1
3.6511,5.7271,0.51,0.08,3,1
9.7674,7.0318,0.46,0.06,4,4
6.8019,14.5793,0.35,0.12,2,2
12.5484,6.5319,0.77,0.05,3,1
6.8230,6.2354,0.75,0.13,2,3
18.7524,12.0619,0.09,0.14,1,2
0.8099,7.0602,0.65,0.14,4,2
16.5836,0.0004,0.10,0.16,4,3
15.3402,2.7747,0.60,0.17,2,1
19.6723,14.4996,0.77,0.16,3,1
0.3603,14.6444,0.13,0.09,2,4
9.0796,10.0682,0.16,0.08,2,4
11.8606,16.3983,0.63,0.06,4,1
7.7146,9.7978,0.56,0.23,2,1
17.8634,11.0149,0.29,0.09,3,1
16.4459,8.6248,0.90,0.24,1,4
3.3337,12.6203,0.11,0.18,4,2
14.4375,20.5016,0.28,0.16,1,3
0.6759,6.0402,0.22,0.23,1,1
9.6391,7.2566,0.73,0.19,4,4
6.9703,23.1601,0.47,0.15,4,2
3.7701,8.3123,0.74,0.08,1,4
14.9702,13.8125,0.01,0.25,3,4
13.3002,10.3640,0.62,0.22,4,2
2.3936,0.7582,0.88,0.22,4,2
12.7216,13.3358,0.20,0.15,4,4
13.2451,8.9698,0.94,0.18,2,4
12.0223,15.0987,0.25,0.13,4,3
11.6184,10.9066,0.99,0.18,4,2
16.0006,4.3092,0.32,0.23,3,4
11.5353,12.7655,0.46,0.05,2,4
9.0635,15.5415,0.31,0.19,2,3
9.5891,10.4530,0.95,0.16,4,1
7.7193,6.9445,0.07,0.17,4,2
16.1881,3.5016,0.20,0.11,2,3
8.0907,15.0111,0.21,0.22,2,1
9.1280,9.7920,0.08,0.05,4,1
14.1429,8.1333,0.75,0.15,1,1
7.2310,4.2591,0.27,0.06,1,1
9.0398,4.8918,0.36,0.11,4,2
26.8383,10.0195,0.35,0.11,3,2
6.9503,5.7541,0.63,0.23,3,1
6.6860,12.6774,0.64,0.21,3,4
9.1407,11.5481,0.72,0.12,2,4
13.3249,7.5179,0.62,0.18,3,3
12.5948,17.5446,0.54,0.12,4,3
3.8669,3.9660,0.73,0.10,2,4
12.4927,9.8271,0.77,0.25,1,3
17.1833,12.7870,0.67,0.07,2,3
5.1987,1.8578,0.97,0.10,1,2
1.7577,1.9792,0.97,0.13,2,3
7.5581,2.0546,0.56,0.11,1,1
10.1871,13.1524,0.13,0.06,2,4
13.9594,2.3190,0.86,0.16,1,1
5.3911,4.1877,0.67,0.11,2,3
14.6950,11.9292,0.06,0.07,1,2
4.1174,17.4055,0.17,0.17,2,3
5.5834,16.8962,1.00,0.16,3,2
14.1741,5.2208,0.58,0.16,3,3
3.7629,18.0521,0.76,0.17,1,3
12.2894,3.8156,0.09,0.18,2,3
17.3331,17.8426,0.39,0.23,2,3
3.9214,18.7826,0.60,0.05,3,1
5.2404,2.5242,0.19,0.13,3,3
9.2083,22.6431,0.26,0.15,4,3
18.2920,5.2565,0.25,0.07,2,2
4.0702,5.7762,0.11,0.11,3,4
7.4861,12.8812,0.63,0.16,2,1
14.1816,17.7085,0.72,0.17,2,4
18.0250,16.3070,0.05,0.18,4,1
15.1211,23.6383,0.54,0.07,3,2
22.0334,17.1343,0.59,0.12,2,3
4.1082,18.1113,0.61,0.18,3,3
5.2014,9.0555,0.71,0.15,1,3
3.2576,16.8832,0.72,0.21,4,2
8.9907,0.0708,0.27,0.22,1,1
14.1275,7.0609,0.34,0.25,3,3
6.8788,8.2424,0.19,0.19,3,4
15.1294,6.4780,0.09,0.14,1,1
18.3069,8.9050,0.22,0.14,4,1
5.7663,3.0319,0.38,0.06,3,3
7.9547,8.7335,0.38,0.09,4,2
9.5863,9.1293,0.04,0.06,1,4
5.2777,12.4693,0.59,0.13,2,4
7.7559,10.3433,0.56,0.13,3,2
11.3835,6.6666,0.43,0.16,2,2
16.4718,9.6557,0.88,0.08,4,3
10.4631,7.2532,0.61,0.19,3,4
11.3353,5.7647,0.52,0.06,1,1
9.1354,11.9127,0.79,0.23,1,1
2.4552,17.1957,0.98,0.22,2,1
6.9272,4.2784,0.83,0.15,2,2
13.0068,2.1097,0.99,0.23,4,3
31.4967,5.0042,0.39,0.25,3,1
8.7835,8.9416,0.03,0.12,3,1
16.3678,12.2460,0.05,0.11,4,4
11.3544,6.1411,0.45,0.16,2,1
14.1728,13.9031,0.36,0.14,2,4
9.4061,18.4799,0.48,0.09,2,4
11.9079,8.0960,0.58,0.11,2,1
15.3148,10.1384,0.41,0.10,1,1
16.4382,7.2740,0.54,0.13,2,2
2.3162,13.6354,0.50,0.18,2,3
11.7011,4.8535,0.90,0.19,4,2
1.8752,12.1998,0.17,0.25,4,3
14.9143,11.4218,0.49,0.20,1,3
7.6436,4.0973,0.98,0.13,2,4
15.1307,9.8363,0.77,0.09,1,4
24.4484,3.6683,0.34,0.23,1,4
14.3924,15.7607,0.31,0.23,1,4
1.3935,7.0320,0.26,0.09,1,4
11.9996,2.7944,0.20,0.10,1,4
12.2450,10.2445,0.56,0.10,1,1
13.2541,11.6035,0.02,0.08,1,2
2.6595,0.5841,0.58,0.13,4,2
12.6975,1.1332,0.95,0.05,3,3
21.6236,9.3476,0.18,0.12,3,3
11.5609,12.3908,0.32,0.21,4,3
9.2265,9.0092,0.55,0.13,1,3
16.9695,7.5203,0.75,0.16,2,1
9.7150,9.2884,0.38,0.20,2,2
14.3848,9.8408,0.62,0.17,1,3
8.7078,6.9753,0.12,0.15,2,1
7.0093,15.6958,0.75,0.13,4,4
13.6765,9.2973,0.39,0.16,1,1
6.4905,1.2412,0.83,0.14,1,2
10.0361,14.0975,0.25,0.06,2,4
15.8184,14.6054,0.62,0.20,2,4
12.2367,18.7208,0.89,0.25,3,3
19.2739,1.5207,0.23,0.16,4,2
3.6055,18.2204,0.47,0.09,4,1
2.9555,9.8328,0.97,0.21,3,3
15.4045,15.2922,0.08,0.11,3,2
5.2801,3.8334,0.76,0.22,1,1
7.9414,7.0856,0.14,0.19,4,1
4.1483,5.9347,0.38,0.23,3,3
11.2800,10.1488,0.84,0.21,3,1
1.8348,7.0288,0.09,0.19,4,3
22.8153,2.9999,0.40,0.16,1,4
8.9208,3.0138,0.81,0.23,1,2
0.3361,16.7681,0.02,0.16,1,2
2.9027,3.8794,0.59,0.07,1,1
8.7262,12.6339,0.67,0.18,2,3
14.0748,5.8968,0.35,0.20,2,3
6.3911,8.1167,0.03,0.10,3,2
11.9265,11.9212,0.53,0.18,1,3
14.1240,9.1187,0.83,0.23,2,4
12.8533,13.9098,0.71,0.07,4,4
10.4909,10.9800,0.60,0.19,3,2
15.6146,9.1949,0.83,0.07,4,1
12.4301,5.2994,0.37,0.16,1,4
7.4651,9.8982,0.29,0.15,3,3
4.8922,12.7365,0.29,0.05,2,3
7.0496,10.8322,0.66,0.16,3,4
17.5766,12.8194,0.96,0.15,4,4
8.1389,15.5933,0.82,0.18,3,2
16.0180,13.7979,0.69,0.13,2,1
19.7247,5.8593,0.72,0.18,3,2
16.7698,14.9666,0.79,0.18,1,4
9.8029,15.4703,0.18,0.20,4,3
9.4292,17.3679,0.80,0.24,4,3
12.8954,10.8898,0.26,0.06,4,1
6.5587,22.0913,0.59,0.16,2,1
11.3616,12.8103,0.67,0.16,4,4
0.7923,8.8533,0.21,0.23,4,4
17.3144,9.9509,0.63,0.06,2,4
16.9411,14.4589,0.23,0.19,3,2
0.1057,5.5914,0.40,0.12,1,1
16.3357,5.0517,0.34,0.12,4,2
17.0912,10.8224,0.80,0.19,2,2
13.9328,5.8373,0.13,0.21,4,2
7.5064,9.7088,0.07,0.13,4,3
8.5981,1.4035,0.92,0.09,3,1
9.5340,4.4949,0.35,0.07,3,4
15.3410,7.3590,0.73,0.07,1,4
3.2490,14.5829,0.51,0.16,2,4
14.2641,10.3855,0.50,0.10,3,4
11.7174,5.3334,0.94,0.15,2,2
3.3015,14.7873,0.03,0.18,4,4
5.0452,2.2740,0.85,0.06,4,2
12.6922,8.8511,0.17,0.20,4,3
0.1016,3.6757,0.15,0.08,2,1
12.6932,6.9222,0.51,0.22,2,2
10.4936,12.5203,0.67,0.21,2,4
18.7446,0.2395,0.80,0.24,2,1
19.8133,15.3376,0.90,0.08,2,1
20.3706,5.3563,0.69,0.09,1,1
5.6447,8.9726,0.40,0.22,1,2
2.3334,21.0191,0.91,0.20,3,2
8.4374,16.0067,0.98,0.23,2,2
13.1538,9.8833,0.25,0.07,1,4
4.2499,7.9810,0.86,0.10,2,1
14.3276,17.1623,0.33,0.16,4,2
1.1639,7.1020,0.72,0.15,2,1
0.9394,13.8198,0.01,0.07,1,3
9.4640,5.4593,0.52,0.18,3,1
8.6040,9.9023,0.42,0.23,3,4
17.5684,5.1623,0.95,0.11,4,4
17.7975,11.5402,0.05,0.22,1,3
9.8882,11.0638,0.41,0.14,3,1
2.7899,8.0109,0.56,0.10,4,4
10.1128,14.3060,0.13,0.17,1,3
22.6075,10.7237,0.24,0.17,2,4
2.4423,9.0697,0.81,0.23,3,1
16.0076,2.5016,0.06,0.22,4,2
6.7355,6.4100,0.02,0.21,3,4
9.9088,2.1061,0.44,0.13,4,4
16.7920,4.5298,0.64,0.12,2,4
17.4914,6.0824,0.17,0.12,2,4
1.5459,6.0223,0.56,0.06,3,2
10.4765,23.5292,0.95,0.08,4,4
9.0086,15.3583,0.23,0.20,2,4
19.8490,6.8484,0.73,0.19,2,1
12.8231,4.2708,0.89,0.16,4,4
11.8118,22.4919,0.20,0.10,2,4
18.5979,8.8780,0.49,0.14,1,1
16.4842,0.7488,0.92,0.20,3,3
10.6745,11.7926,0.99,0.17,4,4
3.4131,6.2671,0.73,0.14,2,3
7.4745,4.1243,0.58,0.05,2,3
4.6652,9.9715,0.90,0.17,1,4
12.9067,10.7173,0.09,0.14,1,3
9.2260,16.6491,0.55,0.10,4,3
3.0145,2.3952,0.68,0.25,2,1
10.9902,2.9239,0.68,0.14,1,4
11.7727,7.2351,0.62,0.12,2,4
13.4011,5.9606,0.85,0.12,1,2
4.9271,7.1339,0.05,0.14,2,3
7.2541,12.3328,0.61,0.23,1,1
10.0642,14.7390,0.81,0.12,3,3
3.7432,2.8352,0.63,0.22,1,1
11.1745,11.4910,0.10,0.07,1,3
11.3956,15.8587,0.17,0.11,3,3
4.7388,3.1412,0.88,0.07,1,1
4.9801,10.4765,1.00,0.06,1,4
7.7661,1.9644,0.23,0.12,4,1
15.2795,5.5456,0.87,0.05,2,4
2.8384,2.7418,0.53,0.17,2,3
7.2958,7.3295,0.04,0.18,4,3
14.5515,11.1806,0.12,0.10,2,4
3.9701,16.2942,0.85,0.19,4,3
0.9172,4.1139,0.37,0.09,4,4
3.7203,8.2898,0.10,0.19,3,2
16.0941,8.2444,0.42,0.10,1,1
15.5043,11.5822,0.36,0.16,4,4
7.6168,3.1491,0.69,0.05,4,1
9.0843,16.0396,0.75,0.23,2,1
8.6199,20.0330,0.28,0.24,1,1
11.7658,11.0760,0.47,0.17,1,2
5.9767,11.7798,0.02,0.08,2,3
4.9732,10.9589,0.77,0.08,1,3
16.0307,25.7898,0.40,0.15,4,4
16.6542,12.5881,0.73,0.15,4,3
8.2365,17.6231,0.67,0.18,3,1
13.4813,6.2602,0.65,0.18,3,3
10.9625,3.7928,0.25,0.19,2,2
7.2264,2.5192,0.35,0.21,1,4
10.9023,1.6460,0.36,0.21,4,1
16.9726,5.4176,0.46,0.09,4,4
23.2612,8.8414,0.39,0.09,3,2
6.1184,6.2746,0.53,0.11,2,2
16.2473,12.9638,0.74,0.22,4,2
3.1716,8.7077,0.03,0.16,4,2
6.8543,17.6190,0.96,0.08,4,1
2.1508,7.4921,0.25,0.12,3,3
7.1664,7.2757,0.60,0.17,3,2
3.4054,11.1778,0.55,0.20,1,2
0.4818,14.8951,0.14,0.05,4,3
12.0523,14.1953,0.81,0.24,2,1
15.7179,13.5437,0.96,0.10,4,4
0.2649,5.7599,0.49,0.19,2,2
22.4621,10.4274,0.82,0.14,4,4
16.0892,3.1530,0.98,0.12,4,3
2.4416,1.6895,0.85,0.21,2,4
11.4209,10.7076,0.94,0.14,3,1
17.2855,10.0115,0.58,0.09,1,2
12.6989,13.9622,0.95,0.10,1,1
15.9827,14.0942,0.85,0.07,3,1
15.3445,12.2290,0.15,0.19,2,1
20.3032,15.7745,0.87,0.24,3,4
18.5675,7.1371,0.16,0.14,3,1
1.0188,3.5226,0.48,0.09,2,4
5.9034,12.0427,0.07,0.16,1,2
5.7900,6.2940,0.01,0.08,4,4
3.9613,13.4058,0.81,0.10,3,4
2.0055,14.6644,0.66,0.16,3,3
12.2489,10.4824,0.52,0.13,4,2
9.6730,7.4872,0.13,0.11,1,3
14.9825,6.6781,0.34,0.08,2,2
13.2205,6.7863,0.18,0.17,2,2
10.5572,9.3699,0.75,0.21,3,4
8.5652,5.3858,0.92,0.08,4,4
19.2422,7.5274,0.85,0.14,4,4
5.5169,11.1199,0.21,0.16,4,4
14.0624,7.7532,0.53,0.19,1,1
8.2761,6.4491,0.48,0.19,3,4
9.5870,16.3294,0.73,0.13,3,1
9.3092,9.9279,0.82,0.11,2,2
6.6369,15.7716,0.09,0.13,2,1
12.7462,16.9075,0.88,0.10,4,1
9.5404,14.5901,0.73,0.05,3,2
6.2781,15.3523,0.32,0.21,3,3
13.5980,6.1006,0.21,0.14,1,3
9.0742,15.7040,0.78,0.23,4,4
11.3979,9.7025,0.42,0.16,2,1
7.2505,14.0622,0.76,0.08,3,1
19.8279,20.2871,0.96,0.19,3,4
6.2276,13.3686,0.69,0.18,1,1
7.8779,14.5295,0.13,0.25,3,1
12.6915,29.6659,0.40,0.15,3,4
10.0409,12.2897,0.38,0.11,1,1
1.5038,7.7666,0.35,0.12,3,3
8.7956,12.6529,0.52,0.08,1,3
5.2597,15.4070,0.66,0.21,2,1
16.0707,16.4431,0.89,0.09,4,2
19.0197,17.2295,0.20,0.22,2,3
3.4849,11.8177,0.50,0.13,1,2
17.5653,10.8298,0.23,0.10,3,2
15.7881,10.7715,0.82,0.17,3,3
10.3575,16.1886,0.20,0.11,2,2
5.7167,3.4877,0.55,0.06,4,4
19.8706,6.5641,0.01,0.13,4,2
2.2968,12.2801,0.29,0.17,1,3
0.2395,13.1863,0.76,0.12,3,1
9.8369,5.2685,0.30,0.16,4,4
12.9433,17.4275,0.74,0.18,4,2
8.6116,10.4051,0.80,0.15,3,4
3.8917,10.5133,0.33,0.09,2,1
7.8000,14.0175,0.47,0.13,3,3
3.6964,13.9423,0.12,0.19,2,4
9.7409,15.8733,0.12,0.16,4,3
9.5809,14.9592,0.18,0.14,2,2
17.2177,2.9908,0.89,0.06,4,2
1.5572,12.9674,0.75,0.12,4,1
3.8897,13.9912,0.91,0.07,4,2
12.1471,11.9932,0.89,0.23,1,4
12.4142,19.6362,0.42,0.22,2,3
1.8803,15.8119,0.98,0.07,3,2
13.8664,13.3636,0.27,0.11,3,2
4.5740,9.6514,0.49,0.09,4,3
14.4570,18.2553,0.18,0.21,2,1
3.9705,2.4483,0.72,0.25,2,2
11.6033,10.6100,0.54,0.20,4,4
6.5087,13.7824,0.67,0.09,4,3
4.4718,5.0777,0.66,0.10,3,4
7.0410,23.1695,0.55,0.24,4,1
2.4160,21.6077,0.20,0.10,2,4
7.4789,6.4096,0.20,0.22,1,1
11.4736,7.7897,0.82,0.20,4,2
14.3109,8.5916,0.08,0.22,1,4
8.3590,15.1900,0.86,0.11,4,1
17.9634,12.6343,0.32,0.19,2,4
13.1672,11.5180,0.28,0.13,3,2
17.4742,7.6793,0.15,0.23,4,2
7.6162,12.9483,0.16,0.08,1,3
19.3894,8.0927,0.90,0.20,1,4
19.2572,8.4783,0.45,0.12,1,3
16.9233,2.5540,0.17,0.15,1,4
16.5075,15.7201,0.58,0.24,4,1
14.5785,8.2990,0.24,0.22,1,3
14.7012,16.0013,0.43,0.24,3,3
13.9638,12.1510,0.06,0.10,4,4
0.7322,15.8604,0.62,0.16,1,2
0.9613,13.1121,0.07,0.12,4,2
2.5069,4.2795,0.19,0.08,1,4
13.9371,12.9118,0.84,0.21,4,4
15.5725,1.9233,0.01,0.10,2,2
6.9365,21.2521,0.73,0.13,2,4
15.4318,16.4848,0.26,0.17,1,4
16.4807,12.7672,0.85,0.14,4,1
12.3554,1.8809,0.17,0.17,2,4
15.3283,8.5180,0.87,0.25,3,3
8.0995,4.3378,0.41,0.19,2,4
14.4054,15.8480,0.78,0.24,4,1
9.7446,14.8249,0.31,0.23,1,2
4.6226,6.2875,0.44,0.22,4,2
11.5301,13.9705,0.80,0.12,2,3
24.0733,2.3353,0.49,0.11,2,4
5.5634,9.8930,0.01,0.25,2,4
18.0263,17.3763,0.24,0.12,3,4
16.6971,8.9782,0.08,0.15,3,1
14.9697,10.0682,0.88,0.21,1,3
9.0485,12.0243,0.25,0.21,3,3
15.4354,4.1481,0.81,0.19,3,2
0.1924,10.8521,0.03,0.12,3,2
13.3858,13.2725,0.44,0.25,3,1
17.4885,11.1178,0.03,0.17,1,3
2.5774,14.4391,0.80,0.24,4,1
17.9880,16.4448,0.61,0.16,1,2
9.0540,2.1708,0.11,0.15,3,4
8.2755,11.6812,0.42,0.22,1,1
7.8658,0.6444,0.74,0.24,2,2
9.8542,11.2874,0.28,0.23,1,1
11.3380,8.9782,0.69,0.17,1,3
1.8591,0.8878,0.64,0.13,4,3
17.3489,2.5877,0.92,0.14,1,4
17.3322,13.6642,0.81,0.12,2,4
14.0731,17.1863,0.38,0.09,3,3
14.3223,11.6134,0.18,0.17,2,3
13.2266,24.4144,0.83,0.22,4,1
9.5184,14.0909,0.45,0.17,2,4
15.9288,22.2335,0.37,0.21,4,4
9.8308,12.4532,0.52,0.12,3,2
10.9018,9.5505,0.11,0.19,1,4
16.3239,10.2103,0.09,0.18,4,1
11.3378,7.1356,0.48,0.07,3,2
8.4657,16.4120,0.96,0.08,4,3
8.4207,18.0739,0.19,0.14,3,4
7.7448,13.8665,0.13,0.08,2,3
7.8266,15.3871,0.10,0.07,4,1
11.4962,9.4129,0.72,0.06,4,2
9.8490,12.2053,0.77,0.11,1,3
1.9735,13.1984,0.78,0.10,4,3
17.9417,11.1251,0.19,0.25,1,2
12.6613,7.3692,0.50,0.18,1,2
15.4624,10.2316,0.97,0.13,4,4
11.4999,11.4966,0.75,0.11,4,3
15.5432,7.5898,0.53,0.21,1,1
14.8300,4.7979,0.27,0.11,3,3
13.3786,12.6974,0.19,0.22,4,2
5.1825,9.6500,0.26,0.12,4,4
5.9378,11.3293,0.94,0.12,4,1
3.9277,15.7415,0.04,0.19,3,4
13.5431,12.8315,0.45,0.12,2,4
19.3138,16.2136,0.03,0.07,3,3
16.9954,20.3380,0.95,0.08,1,4
16.2152,13.4198,0.94,0.20,4,4
7.6481,13.3374,0.61,0.13,2,4
4.8933,19.1832,0.58,0.10,1,1
10.1999,9.6841,0.55,0.07,4,3
15.4142,14.2226,0.45,0.06,2,3
8.8428,4.4204,0.12,0.21,4,4
0.2292,12.6334,0.94,0.21,1,1
16.6114,23.6594,0.37,0.18,2,4
5.3330,0.0686,0.67,0.21,2,1
22.4313,8.3520,0.75,0.15,3,1
17.8099,12.7100,0.38,0.10,1,3
16.1521,12.7355,0.79,0.07,1,4
9.4890,16.4728,0.10,0.09,3,3
12.6734,19.0600,0.81,0.05,3,4
7.4172,8.8212,0.61,0.05,3,1
12.7866,6.6262,0.86,0.20,3,4
9.8962,9.0769,0.84,0.13,2,2
6.0358,6.3532,0.31,0.07,1,3
3.4456,17.8597,0.16,0.12,3,3
0.8112,13.0770,0.96,0.11,2,4
8.7673,7.1679,0.61,0.08,4,3
8.7215,6.5898,0.63,0.18,4,3
1.6911,5.0562,0.38,0.14,2,3
19.7186,2.2459,0.78,0.25,1,4
12.3641,8.9586,0.15,0.08,4,4
12.9546,10.7704,0.94,0.12,2,4
17.3169,10.7133,0.94,0.09,4,1
15.5841,17.3027,0.29,0.22,4,4
13.8896,13.4203,0.34,0.21,2,1
6.7181,9.2556,0.57,0.22,2,3
10.6227,0.2238,0.19,0.06,4,4
9.0581,15.4392,0.40,0.06,3,1
6.1197,3.7871,0.63,0.19,2,2
8.6953,8.2517,0.77,0.15,2,1
2.3250,9.6520,0.87,0.06,3,2
7.4228,5.8577,0.63,0.15,3,4
11.8501,12.9422,0.52,0.10,1,3
5.9996,9.5059,0.82,0.08,3,3
9.5675,3.0335,0.23,0.07,2,3
14.5126,12.1232,0.07,0.16,4,4
15.6103,9.4741,0.59,0.25,4,2
19.7129,8.9417,0.05,0.13,2,2
17.0703,7.1034,0.69,0.15,4,2
8.3478,1.5535,0.54,0.15,3,1
12.3442,19.0329,0.40,0.08,4,2
14.0491,12.9436,0.50,0.22,3,4
4.3732,16.5721,0.18,0.22,1,4
1.9715,6.6428,0.68,0.06,2,1
21.7063,5.8504,1.00,0.20,3,4
14.3015,10.6908,0.86,0.13,2,1
24.3392,20.6822,0.43,0.24,1,1
4.9731,2.8111,0.85,0.20,4,1
11.4601,10.8842,0.16,0.17,3,1
12.9344,27.5625,0.28,0.09,1,4
15.0663,16.3645,0.05,0.11,4,1
12.1165,6.6167,0.11,0.19,3,1
4.0574,2.2762,0.83,0.10,2,2
9.3289,10.7136,0.57,0.24,4,4
20.0110,5.6690,0.77,0.22,1,4
10.9988,1.7946,0.37,0.10,3,3
14.3905,7.7098,0.33,0.11,1,1
7.4297,11.1383,0.03,0.24,2,1
11.9701,14.5513,0.61,0.23,4,3
7.0110,13.0799,0.11,0.09,3,3
12.6849,2.9086,0.93,0.11,4,1
20.0091,12.4477,0.75,0.16,4,1
17.9714,4.6524,0.48,0.16,2,3
4.4774,1.8327,0.35,0.18,4,1
12.0390,7.6629,0.61,0.06,2,1
8.6343,15.2775,0.70,0.21,2,4
6.9686,19.4466,0.02,0.07,2,2
15.5828,7.7442,0.22,0.25,4,3
8.0701,11.3372,0.09,0.08,1,1
9.6199,5.6243,0.36,0.23,3,4
14.0172,16.9106,0.95,0.16,2,3
10.4141,5.0103,0.59,0.08,2,3
0.0021,14.9511,0.85,0.08,1,1
6.6099,11.4945,0.35,0.23,1,3
2.1940,16.9262,0.16,0.20,3,2
6.6116,7.9018,0.72,0.25,2,2
14.0669,13.2657,0.50,0.21,1,4
9.8460,8.7845,0.46,0.18,1,4
14.5477,8.2311,0.75,0.09,2,1
6.4982,6.6643,0.98,0.07,2,1
5.8712,10.1810,0.45,0.06,2,4
19.0426,11.4077,0.57,0.18,3,2
13.0612,1.3933,0.55,0.18,4,1
14.7642,1.3055,0.81,0.23,2,3
11.1348,4.8688,0.75,0.16,4,4
11.8255,6.7433,0.23,0.15,1,3
18.4554,13.1293,0.86,0.20,4,3
11.1092,19.5276,0.99,0.17,2,3
8.7153,4.1078,0.96,0.09,1,2
10.7380,8.5113,0.68,0.09,2,4
5.9065,2.4178,0.13,0.20,2,1
12.6403,18.4461,0.08,0.19,1,2
9.8440,14.7619,0.73,0.14,2,2
12.2965,3.2208,0.23,0.25,1,1
13.1278,12.2894,0.81,0.06,4,1
4.4211,4.8144,0.25,0.10,3,4
9.0993,15.6268,0.89,0.07,3,1
5.3960,2.4740,0.56,0.25,4,3
18.4780,14.2581,0.21,0.16,2,4
1.2189,0.0171,0.98,0.19,1,4
7.2094,13.1229,0.51,0.18,2,1
23.3197,9.3737,0.05,0.24,2,3
10.5016,14.9498,0.65,0.12,3,1
6.1613,6.3207,0.98,0.10,4,1
8.5620,17.4106,0.31,0.06,2,4
4.0403,0.9524,0.98,0.07,1,4
3.1300,4.2106,0.43,0.22,4,3
7.4842,5.2542,0.30,0.17,2,3
11.5401,11.7312,0.98,0.24,1,4
6.0784,1.5653,0.29,0.22,1,3
6.7815,2.3306,0.01,0.19,1,1
19.8167,8.5272,0.72,0.20,3,2
15.8607,1.9530,0.41,0.12,2,3
3.6070,1.6168,0.59,0.11,2,2
13.9639,20.9634,0.82,0.14,2,3
6.2776,5.8415,0.58,0.16,4,1
17.9475,9.1281,0.50,0.23,4,4
13.7661,10.4258,0.21,0.08,1,2
20.9424,2.9345,0.33,0.23,2,3
11.5814,8.2029,0.73,0.18,1,4
6.1899,18.2216,0.46,0.08,4,1
10.3772,11.7217,0.91,0.14,4,2
8.5786,10.7889,0.48,0.19,1,4
9.7202,13.0602,0.45,0.12,3,3
1.6660,4.5451,0.14,0.12,2,3
4.0658,13.6885,0.76,0.12,4,2
23.3571,8.8766,0.42,0.18,2,4
11.8754,8.1188,0.92,0.13,1,3
12.7065,3.5481,0.56,0.13,3,1
2.2857,11.7797,0.20,0.08,3,4
16.8204,8.7256,0.90,0.23,3,1
6.1219,21.4080,0.99,0.19,3,3
16.0504,11.5060,0.08,0.17,2,2
16.0246,9.1833,0.28,0.24,2,4
9.5148,1.6034,0.64,0.22,4,2
1.5925,10.6396,0.66,0.13,4,4
12.1961,3.0846,0.32,0.22,3,3
21.0882,5.6229,0.43,0.24,2,1
11.9004,6.7324,0.08,0.07,3,4
9.5847,0.6636,0.32,0.09,1,2
10.1128,6.8096,0.26,0.11,2,3
15.2002,21.3767,0.60,0.07,1,4
15.5045,9.9283,0.32,0.22,4,1
18.6538,8.4866,0.81,0.23,4,1
12.0380,14.7386,0.39,0.12,4,2
13.3972,5.5953,0.01,0.23,2,3
3.6982,17.2573,0.62,0.07,2,4
5.2909,0.8674,0.61,0.11,4,4
5.5304,14.4920,0.90,0.13,2,1
12.2884,4.7851,0.95,0.11,3,2
17.5587,19.9903,0.47,0.19,3,4
13.7436,15.8723,0.05,0.19,4,2
12.5406,2.1761,0.90,0.19,3,1
13.1759,13.1648,0.43,0.21,1,2
12.1948,13.1585,0.15,0.18,4,4
4.0603,10.2145,0.68,0.14,3,1
19.4880,11.4212,0.93,0.16,4,1
6.6750,21.9173,0.08,0.12,4,1
1.0356,10.9489,0.77,0.08,3,4
17.7813,0.5700,0.91,0.10,4,2
6.5154,11.9388,0.13,0.14,2,2
9.0362,10.0283,0.01,0.09,2,4
8.3543,3.8347,1.00,0.06,3,4
12.1022,8.8793,0.65,0.25,4,3
4.7677,8.4168,0.15,0.15,3,1
14.4717,9.0452,0.38,0.12,2,3
3.9939,5.7004,0.10,0.14,2,2
12.2527,11.2319,0.41,0.08,3,1
3.8307,13.8209,0.54,0.14,2,2
19.4735,8.2767,0.31,0.17,3,1
9.6377,6.8119,0.98,0.08,4,4
13.1154,13.9090,0.36,0.22,1,1
11.5212,4.9143,0.35,0.06,4,4
12.4696,8.9199,0.49,0.11,3,4
15.6681,12.8158,0.35,0.05,1,2
18.7932,7.8675,0.34,0.09,1,2
16.7108,12.1925,0.85,0.14,1,1
4.2044,2.0973,0.37,0.19,3,1
13.9954,11.0244,0.11,0.18,4,2
7.5410,14.8784,0.36,0.06,3,4
15.8437,8.8578,0.19,0.20,1,2
7.3879,10.8897,0.33,0.07,1,1
8.7885,0.6931,0.21,0.10,4,1
19.5185,0.1608,0.06,0.12,1,2
4.1743,16.5656,0.27,0.16,2,1
5.2955,13.8329,0.02,0.08,2,2
3.3944,2.0238,0.73,0.05,4,2
9.0247,16.5905,0.98,0.08,2,3
1.7170,5.4228,0.08,0.06,2,4
7.9990,5.5114,0.85,0.15,4,2
2.3610,4.6144,0.82,0.11,4,1
12.1991,1.3512,0.14,0.16,2,3
10.0820,17.8909,0.93,0.10,3,4
8.8848,11.8665,0.85,0.22,1,1
1.7461,6.0600,0.14,0.15,1,4
13.6182,0.5864,0.06,0.07,2,1
10.9017,9.4015,0.08,0.06,1,1
6.2669,16.6121,0.43,0.13,2,2
10.7644,2.8230,0.76,0.20,2,3
8.3688,9.6299,0.79,0.16,2,2
6.5408,14.0677,0.51,0.08,4,3
20.5067,14.1157,0.94,0.24,3,1
15.0387,10.3052,0.61,0.06,3,3
16.1048,15.3370,0.73,0.21,2,4
8.3700,9.1887,0.96,0.13,3,1
17.5579,17.8669,0.21,0.13,1,4
16.9398,15.6588,0.50,0.22,1,3
19.4531,8.0547,0.10,0.22,3,3
15.6090,5.4489,0.94,0.24,1,3
3.0711,15.7133,0.01,0.15,3,1
16.1542,12.8775,0.45,0.14,4,3
6.7128,14.4314,0.76,0.11,3,3
15.1454,6.5550,0.05,0.07,4,4
9.2528,13.7182,0.86,0.09,3,1
12.2551,15.9623,0.21,0.15,1,2
9.7585,13.0647,0.37,0.08,3,2
14.1981,8.7295,0.28,0.13,4,1
0.8836,21.2030,0.53,0.08,3,3
13.7358,1.4085,0.95,0.13,1,4
2.4347,7.1747,0.68,0.18,1,2
9.2950,9.1398,0.69,0.18,3,1
8.9620,10.4822,0.27,0.10,1,2
16.4069,12.5003,0.44,0.11,1,2
3.1494,10.5408,0.15,0.06,1,2
17.6016,19.8357,0.63,0.06,1,3
8.6178,17.2253,0.99,0.25,4,3
14.1432,9.2164,0.66,0.12,3,2
10.7363,5.9128,0.71,0.10,1,4
1.1114,9.4745,0.70,0.20,4,1
15.9772,9.2483,0.35,0.17,2,3
12.7553,18.4770,0.94,0.23,4,2
5.7175,4.9163,0.53,0.21,2,1
11.1633,5.5944,0.33,0.21,4,1
8.5782,13.3401,0.05,0.07,1,1
19.0292,16.9957,0.13,0.11,2,3
6.3817,14.0694,0.10,0.20,4,2
3.8781,15.7316,0.93,0.21,1,3
6.5190,12.6296,0.11,0.12,4,4
3.3017,11.4068,0.53,0.07,3,3
18.3171,1.5817,0.25,0.15,2,3
3.0865,8.8382,0.97,0.17,4,1
7.3026,14.7087,0.93,0.07,1,3
7.6071,6.8297,0.24,0.08,2,1
5.1634,20.6681,0.13,0.09,1,2
10.9984,14.2211,1.00,0.12,3,3
12.9075,5.2585,0.15,0.17,3,3
8.0766,14.1342,0.12,0.15,4,3
9.8886,22.8884,0.07,0.05,2,4
13.4922,14.6456,0.34,0.12,4,1
1.9549,1.2081,0.55,0.21,1,2
13.0426,12.1926,0.56,0.12,2,2
22.9523,9.2071,0.61,0.20,4,4
3.5318,0.4348,0.03,0.11,2,4
5.3418,20.5200,0.77,0.16,1,1
14.6070,12.1972,0.47,0.13,4,4
23.0664,13.4580,0.31,0.10,1,1
17.2726,13.7804,0.28,0.24,2,4
22.3474,15.5706,0.35,0.10,1,1
13.8816,22.5532,0.10,0.08,1,1
13.5392,9.4139,0.23,0.12,2,2
10.8263,7.9528,0.17,0.06,2,2
18.9140,9.9524,0.90,0.23,4,2
6.0864,17.4927,0.74,0.08,3,1
16.4367,21.0300,0.22,0.07,1,1
3.6122,9.5879,0.38,0.11,1,4
9.4637,1.5299,0.98,0.16,4,4
14.1696,6.4813,0.03,0.12,1,3
7.5835,13.7948,0.64,0.23,1,4
11.5583,9.6192,0.16,0.22,1,2
5.5074,0.7801,0.78,0.21,2,3
11.8079,7.8641,0.73,0.13,3,4
0.4815,16.5790,0.83,0.06,2,2
5.6024,11.3749,0.62,0.14,3,3
20.4329,12.4045,0.79,0.24,4,2
6.4125,17.4389,0.96,0.18,3,1
24.6963,12.0547,0.68,0.23,1,2
16.9664,14.0424,1.00,0.24,2,4
4.9605,10.0077,0.60,0.23,3,4
5.7961,17.1607,0.87,0.13,3,4
18.0728,4.2228,0.05,0.25,2,3
5.4645,9.5395,0.55,0.22,4,4
10.4537,13.6223,0.69,0.17,4,3
5.3208,14.4012,0.27,0.18,4,3
5.3615,7.9200,0.82,0.08,3,1
14.6682,2.3049,0.89,0.20,4,4
13.6225,15.9224,0.66,0.05,4,1
7.2443,1.8440,0.14,0.06,3,2
9.6043,17.4155,0.86,0.08,4,3
5.7860,27.4124,0.53,0.21,4,4
9.2371,2.9414,0.93,0.13,4,3
0.8708,6.2716,0.62,0.22,4,4
6.2077,16.2066,0.12,0.09,3,3
8.4880,7.8804,0.95,0.15,4,4
15.8141,7.1872,0.95,0.20,4,4
15.3539,16.6917,0.39,0.24,3,3
3.1996,0.0410,0.83,0.24,3,3
14.4085,5.6214,0.82,0.21,1,1
7.8284,11.5376,0.25,0.14,4,1
21.7865,8.8639,0.46,0.11,4,1
11.0045,2.4656,0.10,0.20,1,4
19.7372,7.7053,0.59,0.05,4,3
10.8144,5.8681,0.97,0.20,4,3
9.0361,15.1761,0.06,0.08,1,4
7.8956,8.9440,0.77,0.05,1,1
11.6524,2.3507,0.10,0.14,2,1
13.6885,14.6808,0.79,0.13,3,3
14.4501,18.3357,0.16,0.14,4,3
13.2099,14.0574,0.57,0.12,3,3
15.0429,16.9057,0.96,0.14,3,3
19.4251,8.2651,0.36,0.24,1,3
10.8592,15.6514,0.23,0.09,1,1
5.5515,9.5675,0.78,0.23,4,1
11.2528,1.8056,0.08,0.17,4,1
12.7165,8.3579,0.61,0.16,3,1
19.5092,7.6880,0.11,0.24,3,3
4.1757,5.2384,0.93,0.22,2,3
11.0826,10.2377,0.29,0.22,3,2
12.7498,12.8087,0.92,0.22,2,3
18.0057,10.4491,0.16,0.10,3,1
0.5865,7.1667,0.02,0.10,1,2
7.4706,16.3419,0.89,0.23,2,1
20.2329,17.7975,0.17,0.07,2,2
16.6674,17.1973,0.29,0.12,4,1
16.0468,13.1165,0.99,0.11,2,4
14.9705,9.2403,0.66,0.06,3,2
14.6260,2.3133,0.98,0.23,3,3
12.0963,7.2705,0.64,0.10,2,4
10.6841,12.4032,0.73,0.05,4,4
6.7505,15.3793,0.39,0.10,2,2
9.4767,11.1023,0.45,0.19,1,1
1.8355,16.0229,0.53,0.11,4,4
1.8834,10.3462,0.07,0.09,2,4
8.8085,9.4945,0.26,0.17,4,1
6.2124,8.5335,0.37,0.23,4,3
11.5964,8.6615,0.69,0.14,1,1
9.8406,3.9259,0.16,0.16,2,3
11.7976,10.3173,0.82,0.09,1,4
5.3415,14.5575,0.87,0.19,2,4
3.9803,12.0595,0.81,0.23,2,3
9.6764,0.9346,0.83,0.22,3,1
17.7943,18.3188,0.59,0.21,1,1
10.4988,1.5793,0.87,0.15,4,4
11.9877,4.3340,0.28,0.25,4,2
12.5779,8.9562,0.75,0.24,4,2
8.9552,3.3678,0.41,0.06,4,2
1.6004,2.5132,0.43,0.13,2,1
8.3726,1.9902,0.64,0.21,3,1
13.4058,12.1693,0.55,0.24,2,2
9.4863,8.5849,0.34,0.18,1,3
17.2507,7.5424,0.41,0.07,3,1
6.7723,4.1433,0.86,0.11,4,2
9.2765,12.9652,0.72,0.16,3,4
12.2469,16.5957,0.15,0.22,1,4
3.4473,0.5960,0.05,0.09,4,2
7.2008,5.9829,0.48,0.17,4,3
12.2259,11.2408,0.04,0.15,2,3
9.5878,3.8935,0.90,0.17,1,3
12.5336,21.9118,0.90,0.05,3,2
21.2366,0.8593,0.80,0.23,2,4
0.8572,1.1926,0.66,0.16,2,3
20.4801,17.6379,0.37,0.08,1,2
13.7790,27.1317,0.08,0.23,4,2
10.5234,9.4424,0.57,0.10,2,3
12.6285,11.7847,0.28,0.20,2,4
14.1140,5.7473,0.08,0.06,2,4
22.4282,3.0267,0.53,0.15,2,2
13.1339,13.1739,0.85,0.12,4,1
10.4630,8.9025,0.33,0.24,3,4
9.1996,10.2507,0.33,0.10,3,3
17.0989,11.6867,0.05,0.18,1,2
4.6980,4.5247,0.47,0.21,2,4
15.1475,7.0615,0.46,0.09,1,1
4.7313,6.5713,0.17,0.22,1,1
9.3133,6.5146,0.90,0.13,3,2
9.1525,8.5941,0.09,0.16,1,4
23.8346,6.5161,0.15,0.09,1,3
7.9264,0.4922,0.44,0.24,1,3
12.3469,9.1547,0.35,0.17,3,4
7.9876,7.1931,0.82,0.10,2,2
5.3901,11.2591,0.88,0.22,2,3
1.5772,14.1896,0.75,0.20,3,2
7.3897,1.1714,0.98,0.19,1,1
2.5224,3.7067,0.14,0.22,1,2
13.7215,13.2210,0.86,0.11,4,1
2.0315,9.4031,0.40,0.20,1,4
6.8997,1.8179,0.77,0.14,2,2
13.5704,23.2122,0.86,0.21,3,2
12.5421,14.1763,0.88,0.24,2,1
4.4203,3.7817,0.89,0.12,1,2
18.5303,4.9645,0.24,0.09,2,1
4.2263,18.4445,0.59,0.08,2,3
22.7204,13.2067,0.82,0.18,2,1
2.8827,2.8613,0.10,0.08,1,2
8.5002,16.2280,0.40,0.22,3,2
9.9331,11.1327,0.28,0.22,2,1
19.9262,7.1104,0.70,0.23,3,2
6.4016,4.7595,0.75,0.22,4,4
8.0590,6.7040,0.92,0.10,4,4
25.4068,8.5262,0.04,0.23,4,2
12.6055,10.6482,0.10,0.14,3,4
6.7327,11.0667,0.72,0.23,4,3
16.6277,20.0832,0.02,0.20,3,3
13.8134,15.3301,0.87,0.15,1,4
25.5327,5.4334,0.37,0.13,3,4
7.8902,3.5694,0.88,0.22,2,2
9.9664,11.1550,0.70,0.25,1,4
8.4443,7.6331,0.59,0.07,1,2
0.6713,8.3093,0.95,0.21,3,1
0.3312,2.0554,0.64,0.07,4,2
14.3729,6.2017,0.41,0.16,1,4
9.7934,1.7849,0.74,0.17,3,4
25.6436,11.2255,0.68,0.15,2,1
3.7320,13.5029,0.35,0.13,4,1
10.4580,14.0785,0.05,0.23,4,2
4.8762,8.8127,0.05,0.06,3,3
20.4140,15.7789,0.35,0.08,1,2
13.8418,8.4921,0.25,0.13,3,3
15.3689,6.3659,0.54,0.14,2,3
7.1180,10.7089,0.15,0.18,4,2
15.2131,4.0407,0.59,0.19,2,3
10.0517,20.4764,0.56,0.09,4,4
4.4540,15.1755,0.48,0.11,3,2
11.0362,0.7580,0.87,0.15,1,4
12.3736,19.2068,0.78,0.11,3,3
5.8953,4.1784,0.43,0.07,3,3
8.8675,15.5102,0.31,0.25,3,1
1.5126,4.8106,0.31,0.15,2,3
17.5846,17.4982,0.75,0.18,1,2
5.8270,15.8408,0.76,0.25,2,2
1.8655,14.7916,0.17,0.11,2,3
19.0913,3.9974,0.28,0.12,2,1
10.5407,9.3079,0.18,0.08,4,3
11.9478,8.1157,0.71,0.19,2,1
19.5662,6.5342,0.49,0.13,3,3
7.0059,23.1878,0.65,0.06,3,2
7.0919,9.1833,0.70,0.24,4,3
6.4876,1.7481,0.89,0.14,2,3
7.5009,9.7749,0.33,0.09,4,4
6.9850,8.7349,0.61,0.05,1,4
8.1786,7.1836,0.23,0.22,4,1
18.9840,18.9717,0.04,0.09,4,1
15.1810,13.4439,0.91,0.11,4,3
6.4670,17.1943,0.82,0.06,1,3
10.3825,11.7798,0.70,0.08,2,4
5.0489,5.2011,0.15,0.16,3,3
6.0687,17.8161,0.40,0.20,2,4
2.8670,8.1711,0.84,0.08,4,3
17.5015,2.5860,0.69,0.07,1,1
16.9378,7.6235,0.62,0.05,2,4
6.8343,2.1373,0.66,0.14,3,4
8.5808,8.3316,0.90,0.17,4,3
11.1197,9.1384,0.13,0.09,4,3
2.4316,13.7080,0.20,0.09,3,1
5.2357,20.8162,0.96,0.18,1,4
11.2651,13.1555,0.39,0.18,3,4
5.4165,12.8931,0.45,0.13,3,1
5.5517,3.4794,0.94,0.19,3,3
9.8203,11.1748,0.70,0.24,4,1
19.6553,7.4983,0.85,0.24,4,2
8.1570,13.8734,0.38,0.08,1,1
10.1141,10.8454,0.10,0.16,3,2
4.7459,8.7743,0.94,0.17,4,3
10.9267,19.8336,0.22,0.14,3,2
5.5569,8.9852,0.97,0.21,2,1
11.9601,4.4324,0.76,0.17,2,1
18.1718,9.9925,0.07,0.06,4,2
13.4428,11.5084,0.54,0.19,3,2
16.3854,14.8512,0.77,0.15,2,3
17.4212,3.7698,0.51,0.12,2,1
11.8348,10.8096,0.85,0.09,1,4
6.1387,11.5625,0.51,0.17,3,2
13.4725,10.5676,0.38,0.17,4,2
13.0628,18.3645,0.78,0.16,3,2
14.2875,2.5490,0.77,0.15,2,3
9.3910,7.0760,0.39,0.14,4,1
15.8202,10.3834,0.51,0.12,3,3
2.7014,8.6904,0.74,0.09,3,3
1.1003,5.3470,0.52,0.05,4,4
19.3606,19.8357,0.31,0.20,2,2
12.2637,11.8343,0.97,0.23,3,3
11.4219,17.4143,0.36,0.09,1,1
5.8755,20.4622,0.77,0.10,1,1
18.7406,13.9710,0.81,0.19,2,3
23.2047,18.3525,0.79,0.09,2,1
4.2175,21.0483,0.24,0.20,3,1
16.6838,14.0507,0.27,0.17,1,2
15.3480,8.6075,0.40,0.11,1,1
0.0616,14.0027,0.79,0.17,4,2
9.0122,10.1729,0.81,0.16,4,3
8.2240,5.2683,0.35,0.08,3,3
0.2239,12.8145,0.14,0.07,4,2
8.5834,7.3272,0.88,0.18,4,4
14.4330,8.5348,0.55,0.06,1,1
15.7811,20.3595,0.13,0.07,3,2
12.9971,1.4623,0.39,0.15,4,4
15.0403,5.4060,0.30,0.11,2,1
7.9418,12.0665,0.53,0.11,3,1
18.3924,14.5134,0.35,0.18,3,1
10.0963,0.2479,0.15,0.21,2,3
2.0728,8.6174,0.78,0.13,2,3
12.2844,6.9143,0.44,0.24,4,2
0.2381,10.2196,0.67,0.16,3,4
11.4134,14.7607,0.23,0.23,3,4
14.4003,15.5148,0.87,0.10,1,4
6.8890,3.1651,0.17,0.19,4,4
15.5428,8.6584,0.69,0.11,3,3
14.0527,19.8841,0.84,0.16,1,1
9.0062,6.4576,0.64,0.05,2,3
18.7870,8.1669,0.80,0.17,4,3
3.5117,7.2670,0.63,0.12,3,3
4.5221,3.4683,0.67,0.07,1,1
11.6402,0.2296,0.02,0.20,2,3
10.1604,15.2180,0.87,0.19,3,2
8.4087,5.1123,0.43,0.11,2,3
5.9377,9.5985,0.11,0.14,4,4
7.3938,14.3815,0.68,0.06,2,4
16.1571,1.3130,0.66,0.12,1,2
24.0986,23.7304,0.40,0.21,1,3
17.8744,8.1332,0.98,0.16,4,4
15.7113,7.8608,0.71,0.22,2,4
16.5087,11.5802,0.63,0.07,3,2
12.8041,10.3099,0.82,0.05,3,3
3.3369,13.0762,0.30,0.05,2,3
15.5684,15.1531,1.00,0.23,2,1
18.0020,18.2280,0.44,0.22,3,2
1.7773,14.2728,0.53,0.07,2,4
4.7992,8.4710,0.47,0.20,2,1
7.8732,8.9500,0.30,0.16,2,2
16.5879,14.6648,0.45,0.07,1,3
10.3355,2.6550,0.52,0.13,3,3
19.0544,13.1456,0.18,0.10,2,4
11.0429,16.1728,0.10,0.06,3,1
0.7660,18.9390,0.10,0.17,2,3
0.6554,11.8232,0.05,0.07,1,4
25.1767,18.7307,0.93,0.09,4,3
6.8009,5.6970,0.11,0.18,2,4
12.2270,9.8467,0.53,0.24,3,1
18.2895,10.6810,0.40,0.16,3,2
5.7125,7.9960,0.72,0.23,4,4
13.1658,5.6924,0.91,0.19,4,1
8.9974,18.9705,0.62,0.06,1,4
15.2774,16.1410,0.19,0.08,3,1
5.2207,10.0590,0.41,0.19,2,1
14.7161,3.9656,0.33,0.15,3,1
9.5316,11.8219,0.20,0.17,2,3
19.8160,9.8509,0.98,0.10,2,2
4.5452,8.9485,0.39,0.15,1,4
9.0155,11.4471,0.97,0.22,2,4
