14.317,26.410,1000,1000,1000,1000
13.961,14.936,1000,1000,1000,1000
2.243,10.928,2.235,10.920,1000,1000
13.944,14.777,14.011,14.766,14.031,14.690
13.059,11.463,13.052,11.456,13.031,11.471
9.652,16.269,1000,1000,1000,1000
5.888,15.002,5.873,14.987,5.935,14.999
3.987,9.372,1000,1000,1000,1000
14.457,11.986,1000,1000,1000,1000
13.229,14.598,13.164,14.663,1000,1000
13.594,17.622,13.504,17.712,1000,1000
9.662,6.359,9.606,6.415,9.619,6.402
7.530,6.841,1000,1000,1000,1000
16.849,10.119,1000,1000,1000,1000
2.696,7.792,2.692,7.788,2.623,7.719
11.081,2.997,1000,1000,1000,1000
1.969,7.319,1.969,7.257,1000,1000
13.715,19.031,13.701,19.045,13.710,19.036
5.356,4.117,1000,1000,1000,1000
13.740,5.685,1000,1000,1000,1000
9.349,9.463,9.428,9.542,1000,1000
10.117,18.034,10.179,18.062,1000,1000
18.051,16.916,1000,1000,1000,1000
16.397,1.620,16.373,1.644,16.348,1.669
9.818,19.938,9.827,19.929,9.821,19.977
8.924,5.030,1000,1000,1000,1000
16.964,7.593,16.942,7.571,16.929,7.558
9.680,6.397,9.690,6.387,9.762,6.391
16.535,16.616,1000,1000,1000,1000
14.115,18.371,14.191,18.375,1000,1000
8.680,11.073,8.704,11.025,1000,1000
13.625,2.202,13.553,2.274,13.634,2.193
3.292,7.532,3.297,7.527,3.205,7.619
5.993,5.185,6.019,5.233,1000,1000
16.826,12.402,1000,1000,1000,1000
15.296,12.227,15.357,12.166,15.340,12.183
17.429,7.029,1000,1000,1000,1000
13.733,16.094,13.701,16.062,13.755,16.058
9.197,7.932,9.200,7.915,9.213,7.928
10.124,3.857,10.152,3.829,10.098,3.883
9.801,20.015,9.861,19.955,9.826,19.942
4.661,13.205,4.639,13.183,4.622,13.164
0.566,11.750,0.533,11.755,1000,1000
20.774,0.349,1000,1000,1000,1000
12.231,3.018,1000,1000,1000,1000
13.644,6.399,13.586,6.403,13.615,6.428
13.071,14.299,13.000,14.228,1000,1000
11.375,7.098,11.343,7.038,1000,1000
6.295,5.083,6.290,5.088,6.293,5.167
20.147,19.950,20.168,19.971,20.179,19.888
6.760,11.933,6.762,11.935,1000,1000
7.148,13.075,1000,1000,1000,1000
5.159,5.390,1000,1000,1000,1000
0.543,3.304,0.532,3.367,0.555,3.344
10.998,14.997,1000,1000,1000,1000
16.161,5.836,16.175,5.822,16.120,5.809
8.871,17.661,8.868,17.658,1000,1000
6.055,17.905,1000,1000,1000,1000
8.238,13.765,8.199,13.726,1000,1000
8.643,12.541,8.581,12.479,8.609,12.507
11.155,2.746,11.179,2.722,11.117,2.784
10.762,12.521,10.778,12.505,1000,1000
23.515,10.046,23.425,10.036,1000,1000
4.831,9.578,1000,1000,1000,1000
2.815,12.359,1000,1000,1000,1000
2.115,10.990,2.181,11.012,2.102,11.003
12.439,8.119,12.354,8.132,1000,1000
11.878,5.005,11.846,4.995,11.829,5.054
3.368,6.785,1000,1000,1000,1000
0.489,1.466,0.478,1.455,1000,1000
7.646,9.355,1000,1000,1000,1000
10.340,10.017,10.304,10.031,1000,1000
2.331,19.230,2.315,19.214,1000,1000
15.314,5.308,1000,1000,1000,1000
4.785,4.981,4.838,4.928,1000,1000
10.806,12.427,10.879,12.430,10.843,12.390
6.798,13.700,6.881,13.693,6.823,13.675
13.234,16.095,13.197,16.092,1000,1000
11.756,9.489,1000,1000,1000,1000
8.634,12.757,8.636,12.795,1000,1000
20.448,16.703,1000,1000,1000,1000
1.998,13.230,1000,1000,1000,1000
14.421,9.182,14.432,9.171,14.368,9.235
8.804,11.138,1000,1000,1000,1000
15.595,7.847,1000,1000,1000,1000
20.020,12.594,1000,1000,1000,1000
5.925,17.337,1000,1000,1000,1000
9.629,7.309,9.645,7.293,1000,1000
10.674,12.122,1000,1000,1000,1000
13.375,8.956,13.357,8.938,13.381,8.962
7.343,11.703,7.329,11.755,7.406,11.766
7.513,5.320,1000,1000,1000,1000
3.176,4.950,1000,1000,1000,1000
8.372,12.806,8.343,12.835,1000,1000
14.801,2.851,1000,1000,1000,1000
3.911,3.641,3.853,3.629,3.867,3.643
4.424,6.908,4.466,6.856,4.423,6.813
9.000,7.990,1000,1000,1000,1000
15.867,8.173,1000,1000,1000,1000
12.295,9.763,12.312,9.746,12.239,9.819
6.064,4.987,6.008,4.931,6.034,4.957
4.191,13.659,1000,1000,1000,1000
17.454,8.498,17.417,8.461,1000,1000
15.380,3.640,15.322,3.598,15.361,3.659
9.371,9.007,1000,1000,1000,1000
8.084,14.265,8.049,14.276,1000,1000
18.362,11.805,1000,1000,1000,1000
15.754,0.774,15.777,0.771,1000,1000
11.918,5.861,11.855,5.924,11.860,5.919
9.992,5.965,10.000,5.957,9.988,6.001
10.882,13.757,1000,1000,1000,1000
3.591,2.714,1000,1000,1000,1000
16.185,14.149,16.219,14.115,1000,1000
2.991,0.171,1000,1000,1000,1000
1.634,11.090,1000,1000,1000,1000
11.127,23.465,1000,1000,1000,1000
15.641,8.363,15.618,8.348,1000,1000
17.155,14.544,1000,1000,1000,1000
9.520,10.171,1000,1000,1000,1000
2.681,21.777,2.742,21.838,1000,1000
8.346,5.550,8.332,5.564,8.284,5.612
2.772,8.823,2.802,8.793,1000,1000
9.124,13.789,1000,1000,1000,1000
15.833,1.616,15.858,1.641,1000,1000
3.079,12.166,3.128,12.127,3.043,12.130
10.599,15.567,10.543,15.623,1000,1000
7.133,10.209,7.101,10.219,1000,1000
14.226,10.651,14.194,10.683,1000,1000
0.385,21.986,1000,1000,1000,1000
11.675,12.828,11.709,12.852,1000,1000
13.072,6.681,13.057,6.618,1000,1000
0.368,9.432,0.320,9.384,1000,1000
10.557,23.208,1000,1000,1000,1000
1.877,20.096,1.905,20.124,1.929,20.148
15.834,2.941,1000,1000,1000,1000
12.304,13.067,12.383,13.056,1000,1000
15.959,2.181,16.007,2.133,15.972,2.168
12.753,19.218,1000,1000,1000,1000
5.204,4.564,5.227,4.541,5.199,4.569
5.558,11.328,5.555,11.369,5.553,11.323
10.629,17.743,10.613,17.717,10.605,17.725
6.722,8.178,6.685,8.141,1000,1000
11.412,17.122,11.373,17.081,11.436,17.098
4.147,3.722,1000,1000,1000,1000
8.619,10.200,8.599,10.236,8.674,10.255
4.490,4.648,4.498,4.656,4.484,4.606
11.658,10.296,11.592,10.294,1000,1000
6.387,9.232,6.459,9.236,1000,1000
15.628,9.888,15.646,9.870,1000,1000
1.991,5.663,2.038,5.616,1.959,5.595
12.344,8.294,1000,1000,1000,1000
11.857,15.323,11.863,15.317,1000,1000
4.308,18.374,4.270,18.338,4.265,18.417
1.632,10.008,1000,1000,1000,1000
1.506,13.476,1.483,13.473,1000,1000
12.054,20.768,12.002,20.770,1000,1000
5.193,3.258,5.193,3.258,1000,1000
8.849,7.608,8.869,7.628,8.830,7.589
17.453,10.937,17.413,10.977,1000,1000
5.129,8.314,5.073,8.312,5.065,8.250
6.084,17.193,1000,1000,1000,1000
15.880,10.032,15.903,10.077,15.833,10.079
9.687,9.307,1000,1000,1000,1000
14.155,13.636,14.230,13.711,1000,1000
1.012,8.221,1.065,8.184,1.042,8.191
7.641,9.953,7.639,10.033,7.701,10.013
13.923,19.139,1000,1000,1000,1000
7.820,8.459,1000,1000,1000,1000
23.611,3.215,23.624,3.228,1000,1000
11.269,4.216,11.282,4.229,1000,1000
5.468,1.335,1000,1000,1000,1000
11.605,4.074,11.618,4.037,11.609,4.028
23.451,0.977,1000,1000,1000,1000
6.254,6.430,6.231,6.407,6.231,6.433
2.190,5.024,2.147,5.079,2.103,5.111
12.840,10.903,12.847,10.898,12.793,10.952
0.366,0.126,0.363,0.123,1000,1000
9.320,6.936,1000,1000,1000,1000
9.533,16.328,9.560,16.301,9.555,16.306
1.160,0.966,1000,1000,1000,1000
4.577,7.881,4.640,7.870,4.640,7.818
11.289,0.162,11.284,0.067,1000,1000
3.560,15.653,3.545,15.664,1000,1000
10.786,7.378,1000,1000,1000,1000
15.918,11.395,15.921,11.366,1000,1000
11.361,16.376,1000,1000,1000,1000
10.720,3.741,10.669,3.792,10.661,3.800
18.065,4.243,18.106,4.202,1000,1000
10.799,4.470,10.849,4.446,10.879,4.476
6.982,3.536,1000,1000,1000,1000
7.785,15.338,7.754,15.369,7.814,15.309
11.713,8.040,11.724,7.981,11.707,8.046
2.709,18.876,2.684,18.909,1000,1000
18.487,12.992,18.515,12.964,1000,1000
7.985,0.550,7.995,0.560,8.016,0.581
12.341,0.262,12.302,0.287,12.296,0.293
15.062,6.374,15.022,6.314,15.106,6.330
3.350,9.733,1000,1000,1000,1000
10.773,8.915,10.837,8.851,1000,1000
12.388,4.353,12.385,4.356,1000,1000
