11.128,22.257,11.146,22.239,11.146,22.239
11.663,8.361,11.630,8.394,11.695,8.395
16.129,14.045,1000,1000,1000,1000
12.443,3.573,12.516,3.568,1000,1000
8.151,8.409,1000,1000,1000,1000
17.224,6.164,1000,1000,1000,1000
6.049,15.158,5.962,15.171,1000,1000
8.716,8.896,8.710,8.918,8.677,8.857
7.704,13.513,7.618,13.427,7.621,13.516
10.449,15.653,10.422,15.668,1000,1000
5.785,1.318,5.835,1.360,1000,1000
17.296,14.436,17.201,14.437,1000,1000
11.880,16.290,1000,1000,1000,1000
0.245,9.576,0.230,9.561,0.170,9.601
21.781,11.605,21.787,11.611,21.781,11.605
2.020,0.625,2.069,0.640,1000,1000
9.773,15.291,1000,1000,1000,1000
8.968,11.033,8.974,11.039,8.933,11.050
13.608,14.914,13.616,14.906,1000,1000
19.189,6.545,1000,1000,1000,1000
12.068,10.741,12.023,10.790,1000,1000
1.028,10.919,1.101,10.900,1000,1000
12.815,18.134,12.869,18.080,1000,1000
5.812,8.394,1000,1000,1000,1000
5.776,14.258,1000,1000,1000,1000
14.421,11.209,14.377,11.223,1000,1000
21.867,11.622,21.857,11.612,21.843,11.610
10.391,1.366,10.444,1.335,10.417,1.308
10.314,12.209,10.270,12.253,1000,1000
6.938,11.105,6.956,11.117,6.915,11.158
9.245,19.484,9.276,19.515,9.189,19.524
20.536,3.735,20.542,3.761,20.517,3.736
12.473,9.700,12.425,9.672,12.483,9.690
14.033,18.028,14.098,18.041,1000,1000
5.493,10.091,5.535,10.061,5.547,10.145
13.310,11.497,13.350,11.537,13.300,11.487
3.365,6.836,3.337,6.906,3.346,6.897
15.407,13.112,1000,1000,1000,1000
5.515,22.569,1000,1000,1000,1000
14.104,2.513,1000,1000,1000,1000
14.354,4.257,14.326,4.229,1000,1000
16.715,5.394,16.740,5.385,1000,1000
2.183,7.605,2.179,7.593,1000,1000
2.795,6.850,2.715,6.850,2.729,6.836
23.547,14.785,1000,1000,1000,1000
2.235,6.634,2.297,6.648,2.284,6.585
10.664,19.213,10.719,19.268,10.632,19.277
13.520,6.822,13.456,6.856,13.486,6.856
20.780,18.639,1000,1000,1000,1000
16.019,13.838,1000,1000,1000,1000
3.095,9.238,3.037,9.270,3.052,9.281
3.357,16.499,3.399,16.541,3.424,16.470
11.747,2.313,11.803,2.347,11.785,2.329
4.243,3.643,4.201,3.601,1000,1000
13.457,11.496,13.469,11.474,13.436,11.517
18.755,2.793,1000,1000,1000,1000
15.002,10.469,15.029,10.496,1000,1000
8.605,2.898,8.533,2.896,8.557,2.920
18.916,6.826,1000,1000,1000,1000
13.308,2.787,13.273,2.822,13.333,2.856
13.022,8.257,13.000,8.235,1000,1000
19.849,23.191,19.854,23.196,1000,1000
6.702,1.547,6.712,1.537,6.719,1.530
17.571,6.632,17.594,6.609,17.632,6.631
10.403,15.640,1000,1000,1000,1000
19.403,14.395,19.417,14.381,1000,1000
11.409,18.356,11.430,18.377,1000,1000
15.080,9.347,15.169,9.436,1000,1000
14.549,14.952,14.578,14.981,1000,1000
0.524,12.935,0.516,12.943,0.517,13.014
12.548,19.685,12.527,19.648,1000,1000
0.726,8.816,1000,1000,1000,1000
17.216,8.141,1000,1000,1000,1000
20.685,8.520,1000,1000,1000,1000
0.806,7.824,0.836,7.888,1000,1000
11.883,20.448,1000,1000,1000,1000
16.289,9.299,1000,1000,1000,1000
9.414,7.327,1000,1000,1000,1000
8.088,0.910,1000,1000,1000,1000
9.820,9.079,9.839,9.046,1000,1000
10.522,14.306,10.558,14.342,10.595,14.313
19.333,18.686,19.353,18.730,19.368,18.715
2.683,11.689,2.685,11.753,2.656,11.724
10.571,7.233,10.631,7.173,10.639,7.237
2.811,0.832,1000,1000,1000,1000
17.231,0.391,1000,1000,1000,1000
14.477,4.904,1000,1000,1000,1000
16.729,9.473,16.724,9.480,1000,1000
5.004,4.923,1000,1000,1000,1000
1.305,7.370,1.219,7.284,1.254,7.329
10.135,15.242,10.146,15.253,1000,1000
14.041,3.169,13.960,3.168,14.017,3.193
4.728,16.097,1000,1000,1000,1000
10.345,12.197,1000,1000,1000,1000
2.543,8.482,2.545,8.480,2.563,8.462
10.123,6.260,10.119,6.340,10.161,6.298
6.418,11.160,1000,1000,1000,1000
10.833,10.431,10.765,10.499,1000,1000
24.790,6.677,24.793,6.674,24.807,6.660
2.585,17.222,1000,1000,1000,1000
10.254,19.756,1000,1000,1000,1000
13.704,9.098,1000,1000,1000,1000
5.384,14.215,5.434,14.265,5.367,14.198
16.376,17.581,16.327,17.532,1000,1000
14.335,10.958,14.287,11.006,1000,1000
8.910,11.903,8.908,11.985,8.821,11.898
7.628,14.636,1000,1000,1000,1000
6.581,8.360,6.623,8.338,6.632,8.329
7.385,9.790,7.363,9.780,7.341,9.746
7.233,15.371,7.203,15.401,7.241,15.363
13.707,6.563,1000,1000,1000,1000
19.511,13.952,19.594,13.945,19.513,14.026
5.975,14.599,5.979,14.505,5.889,14.595
5.555,4.539,5.542,4.622,5.523,4.571
13.540,9.300,1000,1000,1000,1000
11.317,7.623,11.346,7.652,11.336,7.618
0.656,0.635,0.698,0.601,0.646,0.645
2.583,5.352,1000,1000,1000,1000
11.895,13.617,1000,1000,1000,1000
17.668,0.898,17.697,0.909,1000,1000
9.016,13.096,8.997,13.027,1000,1000
26.063,9.216,1000,1000,1000,1000
12.226,13.471,12.272,13.517,12.264,13.509
3.729,14.487,1000,1000,1000,1000
4.145,0.715,4.074,0.644,4.147,0.637
5.214,9.665,1000,1000,1000,1000
15.360,15.816,1000,1000,1000,1000
2.389,15.244,2.442,15.297,2.422,15.271
9.521,9.463,9.508,9.514,9.541,9.483
4.907,14.204,1000,1000,1000,1000
6.877,16.988,6.856,17.025,1000,1000
18.213,14.865,18.281,14.843,1000,1000
20.287,16.357,20.237,16.381,20.281,16.363
6.005,7.801,5.963,7.785,1000,1000
19.368,12.792,19.440,12.806,1000,1000
8.110,17.272,1000,1000,1000,1000
11.664,0.510,11.697,0.559,11.717,0.563
8.040,10.226,1000,1000,1000,1000
9.227,15.400,9.214,15.479,1000,1000
12.547,3.255,12.619,3.327,12.577,3.291
4.892,2.180,1000,1000,1000,1000
8.437,8.062,8.428,7.987,1000,1000
16.119,5.426,16.132,5.507,1000,1000
11.075,8.697,11.131,8.753,11.156,8.778
9.599,16.041,9.651,16.001,1000,1000
11.162,4.166,11.193,4.179,1000,1000
16.684,5.527,16.683,5.506,1000,1000
5.663,16.835,5.710,16.882,5.693,16.865
9.909,2.766,9.892,2.749,9.913,2.770
8.175,10.699,8.127,10.651,8.115,10.639
1.979,1.426,1000,1000,1000,1000
10.704,13.961,10.721,13.976,10.760,13.937
2.394,1.799,2.384,1.789,2.407,1.812
7.999,3.103,8.084,3.098,1000,1000
10.570,5.695,1000,1000,1000,1000
1.240,10.774,1.308,10.842,1.336,10.776
13.727,8.533,13.675,8.491,1000,1000
10.568,6.244,10.570,6.162,10.478,6.154
20.584,8.743,1000,1000,1000,1000
15.017,2.258,15.033,2.242,15.051,2.198
5.015,0.783,1000,1000,1000,1000
7.300,2.914,1000,1000,1000,1000
3.631,12.208,3.656,12.135,3.692,12.147
6.328,12.566,1000,1000,1000,1000
15.163,25.861,15.124,25.822,15.137,25.835
6.620,18.886,6.573,18.933,6.556,18.862
18.712,4.167,18.644,4.235,18.707,4.220
3.999,4.953,4.040,4.940,4.044,4.998
14.510,10.423,1000,1000,1000,1000
5.451,5.273,5.483,5.231,5.524,5.272
5.907,0.126,5.890,0.143,5.906,0.127
14.832,7.727,14.819,7.740,1000,1000
13.073,3.144,1000,1000,1000,1000
12.537,13.655,1000,1000,1000,1000
12.226,16.920,12.178,16.872,1000,1000
9.873,11.501,1000,1000,1000,1000
13.452,7.976,1000,1000,1000,1000
14.157,2.684,1000,1000,1000,1000
14.089,15.126,14.112,15.067,14.113,15.068
18.609,9.021,18.525,9.015,18.521,9.011
7.817,14.809,1000,1000,1000,1000
9.250,13.987,9.230,13.967,1000,1000
10.392,9.241,10.355,9.278,10.331,9.280
4.739,13.460,4.756,13.455,1000,1000
13.965,14.604,14.012,14.651,1000,1000
10.176,21.474,10.164,21.486,1000,1000
18.171,22.918,18.213,22.890,18.218,22.895
2.641,23.040,1000,1000,1000,1000
10.070,8.262,10.109,8.301,10.031,8.223
8.486,9.417,8.443,9.374,8.433,9.364
16.551,11.149,16.474,11.146,1000,1000
5.028,7.343,5.005,7.396,5.014,7.387
12.939,5.263,13.028,5.260,1000,1000
17.038,2.766,17.040,2.726,1000,1000
6.480,0.884,6.468,0.894,6.462,0.888
8.647,17.335,8.710,17.272,8.685,17.297
14.908,11.114,1000,1000,1000,1000
9.477,10.329,1000,1000,1000,1000
20.308,17.739,1000,1000,1000,1000
19.969,16.713,20.059,16.713,1000,1000
10.852,14.272,10.805,14.307,1000,1000
7.529,11.462,7.549,11.450,7.489,11.422
6.711,5.416,6.674,5.379,1000,1000
7.935,18.582,7.964,18.611,7.985,18.534
12.023,9.067,11.990,9.034,1000,1000
13.624,13.699,13.578,13.653,13.626,13.603
20.268,5.051,1000,1000,1000,1000
14.179,7.588,1000,1000,1000,1000
14.516,14.854,1000,1000,1000,1000
12.578,0.889,12.591,0.902,12.597,0.850
8.953,18.186,1000,1000,1000,1000
14.087,17.072,14.135,17.120,14.120,17.091
13.344,12.640,13.429,12.555,1000,1000
16.932,12.223,16.974,12.225,1000,1000
7.442,8.303,7.465,8.228,1000,1000
3.437,5.233,1000,1000,1000,1000
11.165,0.795,11.105,0.791,1000,1000
8.792,14.068,8.807,14.083,8.742,14.078
7.941,9.332,7.904,9.369,1000,1000
1.653,8.338,1.653,8.338,1.608,8.293
2.597,10.187,2.604,10.278,1000,1000
11.179,19.137,1000,1000,1000,1000
6.209,2.447,1000,1000,1000,1000
8.463,10.469,8.528,10.534,8.546,10.472
9.298,11.325,9.278,11.293,9.327,11.296
4.981,3.068,5.022,3.101,5.013,3.100
12.344,6.444,1000,1000,1000,1000
3.451,7.287,3.376,7.272,1000,1000
14.242,13.633,1000,1000,1000,1000
4.129,21.827,4.130,21.734,1000,1000
15.418,3.760,1000,1000,1000,1000
3.638,2.023,1000,1000,1000,1000
10.155,4.137,10.157,4.135,1000,1000
6.666,2.301,6.594,2.287,1000,1000
9.319,13.071,1000,1000,1000,1000
0.127,8.841,0.076,8.892,1000,1000
5.690,9.991,1000,1000,1000,1000
18.304,20.638,18.283,20.711,1000,1000
13.413,14.745,13.483,14.675,1000,1000
9.431,5.434,9.441,5.444,1000,1000
0.210,9.757,0.249,9.772,0.223,9.798
13.192,15.672,13.216,15.648,1000,1000
11.295,16.969,11.228,16.988,1000,1000
11.462,6.565,11.436,6.531,1000,1000
1.756,4.792,1.798,4.750,1.794,4.816
25.374,9.719,25.300,9.697,1000,1000
9.563,10.470,9.615,10.418,9.575,10.458
19.775,11.919,1000,1000,1000,1000
7.390,0.912,7.389,0.911,1000,1000
10.019,2.051,1000,1000,1000,1000
0.879,5.747,0.878,5.746,0.912,5.780
6.794,6.418,1000,1000,1000,1000
11.617,3.041,1000,1000,1000,1000
1.575,6.556,1000,1000,1000,1000
12.684,4.055,1000,1000,1000,1000
11.461,8.635,1000,1000,1000,1000
0.263,3.106,0.281,3.124,1000,1000
4.073,9.658,4.045,9.700,1000,1000
1.901,2.677,1.883,2.713,1000,1000
6.493,2.955,6.525,2.995,6.522,2.998
6.279,8.533,1000,1000,1000,1000
3.720,13.080,1000,1000,1000,1000
13.512,8.492,13.575,8.555,1000,1000
12.898,11.130,12.884,11.056,1000,1000
14.104,12.565,14.058,12.541,1000,1000
4.829,9.480,4.830,9.421,4.815,9.406
18.021,17.619,18.014,17.626,1000,1000
9.487,19.648,1000,1000,1000,1000
6.795,4.863,1000,1000,1000,1000
14.354,10.720,14.271,10.709,1000,1000
8.703,6.793,8.667,6.759,1000,1000
10.372,3.742,10.326,3.766,10.293,3.821
13.442,14.344,13.534,14.340,13.496,14.378
16.086,20.568,16.136,20.518,16.110,20.552
1.899,14.768,1000,1000,1000,1000
0.658,6.842,1000,1000,1000,1000
2.607,3.306,1000,1000,1000,1000
10.318,16.302,1000,1000,1000,1000
9.438,15.140,1000,1000,1000,1000
4.670,13.497,4.607,13.434,1000,1000
15.105,12.120,1000,1000,1000,1000
8.494,9.700,8.418,9.624,1000,1000
6.767,11.465,1000,1000,1000,1000
9.924,14.936,1000,1000,1000,1000
12.714,12.605,1000,1000,1000,1000
10.945,20.838,1000,1000,1000,1000
17.331,5.576,17.304,5.603,17.306,5.573
10.342,10.770,1000,1000,1000,1000
11.304,7.393,11.348,7.437,1000,1000
5.755,13.949,5.729,13.923,5.681,13.875
17.506,7.905,17.526,7.975,17.434,7.977
2.408,8.623,2.421,8.550,2.414,8.543
10.195,17.508,1000,1000,1000,1000
25.694,8.646,1000,1000,1000,1000
12.050,13.638,12.058,13.630,12.109,13.579
3.124,16.192,1000,1000,1000,1000
18.938,9.602,1000,1000,1000,1000
16.244,9.739,16.172,9.713,16.234,9.729
9.888,2.611,9.886,2.613,9.878,2.621
2.289,7.185,2.261,7.213,2.277,7.197
3.766,4.144,1000,1000,1000,1000
8.712,7.931,8.803,7.840,8.803,7.840
15.796,3.233,15.784,3.245,1000,1000
9.529,13.206,9.488,13.165,9.500,13.177
6.538,11.446,6.543,11.451,1000,1000
17.817,16.931,1000,1000,1000,1000
9.051,12.882,9.092,12.939,1000,1000
8.344,8.418,8.303,8.401,1000,1000
5.312,1.828,5.237,1.903,1000,1000
5.034,12.314,1000,1000,1000,1000
6.628,10.739,6.622,10.745,6.601,10.772
11.645,9.425,11.707,9.487,11.727,9.427
18.708,8.956,18.693,8.943,18.704,8.952
24.781,5.898,24.821,5.858,1000,1000
10.929,16.995,1000,1000,1000,1000
22.588,1.688,22.556,1.720,1000,1000
1.766,14.290,1.759,14.237,1000,1000
14.985,11.817,14.956,11.788,1000,1000
2.314,17.022,1000,1000,1000,1000
6.499,8.889,6.542,8.940,1000,1000
7.016,8.675,1000,1000,1000,1000
8.886,10.401,8.899,10.388,8.883,10.404
15.077,8.973,15.030,9.020,15.105,8.945
8.925,11.601,8.894,11.570,1000,1000
13.371,10.970,13.382,10.895,13.369,10.972
2.970,19.457,1000,1000,1000,1000
13.487,17.750,1000,1000,1000,1000
8.263,4.067,8.240,4.090,1000,1000
17.246,17.668,1000,1000,1000,1000
1.003,17.686,1.050,17.639,1000,1000
16.745,12.017,16.763,12.001,1000,1000
2.099,1.262,1000,1000,1000,1000
0.836,13.861,0.888,13.809,0.852,13.845
3.998,7.226,3.920,7.148,1000,1000
8.722,15.923,1000,1000,1000,1000
13.891,16.349,1000,1000,1000,1000
10.227,16.400,1000,1000,1000,1000
3.964,3.495,3.964,3.445,1000,1000
6.613,14.180,1000,1000,1000,1000
3.814,8.772,1000,1000,1000,1000
19.602,12.056,19.602,12.098,19.572,12.086
5.164,12.981,1000,1000,1000,1000
10.731,11.540,1000,1000,1000,1000
13.777,18.203,13.766,18.214,13.798,18.182
6.600,7.043,6.663,6.980,6.621,7.022
15.782,7.530,15.765,7.507,15.741,7.483
13.371,9.706,13.369,9.704,13.352,9.659
10.234,8.575,10.229,8.602,10.200,8.609
14.436,8.840,14.455,8.859,14.487,8.891
3.661,10.213,3.723,10.241,1000,1000
8.605,17.435,1000,1000,1000,1000
3.997,14.672,3.921,14.748,1000,1000
6.771,9.891,1000,1000,1000,1000
8.164,3.388,1000,1000,1000,1000
28.399,9.646,1000,1000,1000,1000
3.554,12.326,3.603,12.341,1000,1000
14.651,7.131,14.629,7.153,1000,1000
17.250,19.616,1000,1000,1000,1000
10.346,18.361,10.412,18.295,1000,1000
9.685,10.223,9.695,10.233,9.675,10.157
17.904,5.078,17.891,5.029,1000,1000
13.475,17.783,1000,1000,1000,1000
10.892,23.345,1000,1000,1000,1000
1.327,7.178,1.407,7.258,1000,1000
10.353,7.534,1000,1000,1000,1000
5.963,8.086,5.909,8.104,1000,1000
8.147,6.415,1000,1000,1000,1000
8.971,8.157,1000,1000,1000,1000
14.419,2.022,1000,1000,1000,1000
7.033,6.954,1000,1000,1000,1000
25.077,7.132,25.053,7.148,25.050,7.151
3.499,8.218,3.484,8.159,3.481,8.156
2.210,23.649,2.158,23.683,1000,1000
3.925,0.284,3.905,0.228,1000,1000
6.369,0.203,6.382,0.216,1000,1000
12.987,10.428,13.017,10.456,13.009,10.448
11.257,3.350,11.249,3.416,1000,1000
7.192,15.425,7.206,15.411,1000,1000
1.564,9.026,1000,1000,1000,1000
9.800,13.329,9.756,13.321,9.814,13.379
0.195,6.661,0.221,6.635,1000,1000
6.730,6.724,6.783,6.777,6.704,6.698
6.177,7.165,1000,1000,1000,1000
6.047,3.765,1000,1000,1000,1000
12.164,16.113,12.123,16.072,1000,1000
3.560,17.132,3.533,17.137,3.575,17.147
13.786,13.607,13.839,13.554,13.786,13.597
16.951,12.557,1000,1000,1000,1000
16.160,11.055,1000,1000,1000,1000
15.421,0.488,1000,1000,1000,1000
14.031,8.828,1000,1000,1000,1000
4.570,10.849,1000,1000,1000,1000
5.139,7.954,5.139,7.954,1000,1000
5.568,8.379,5.598,8.311,1000,1000
13.504,8.739,13.485,8.720,13.508,8.729
21.562,11.262,21.525,11.225,21.492,11.248
8.019,9.562,8.001,9.544,8.044,9.517
12.771,14.109,1000,1000,1000,1000
12.592,9.694,1000,1000,1000,1000
7.927,20.171,1000,1000,1000,1000
8.833,6.386,8.774,6.363,1000,1000
8.134,4.996,8.157,5.019,1000,1000
12.780,15.278,12.828,15.326,12.847,15.345
11.869,11.419,11.843,11.445,1000,1000
9.497,6.484,1000,1000,1000,1000
1.366,10.958,1.343,10.975,1.310,10.942
15.319,8.329,15.331,8.317,1000,1000
7.600,2.423,7.586,2.437,7.680,2.343
11.614,2.095,11.565,2.046,1000,1000
1.133,15.846,1.136,15.849,1000,1000
22.871,13.246,22.888,13.293,22.830,13.235
12.561,7.150,1000,1000,1000,1000
12.048,10.364,1000,1000,1000,1000
3.471,0.413,3.479,0.457,3.424,0.460
13.653,9.280,13.638,9.295,1000,1000
20.988,15.466,20.899,15.467,1000,1000
12.347,14.381,1000,1000,1000,1000
13.662,16.909,13.640,16.971,1000,1000
6.198,16.694,1000,1000,1000,1000
7.290,17.806,7.323,17.839,1000,1000
6.873,10.729,6.856,10.746,6.899,10.703
1.126,0.686,1.137,0.675,1000,1000
10.570,4.865,10.527,4.868,1000,1000
0.288,9.880,1000,1000,1000,1000
3.818,9.359,3.784,9.325,3.784,9.325
11.529,6.459,1000,1000,1000,1000
9.818,10.593,1000,1000,1000,1000
7.789,12.286,1000,1000,1000,1000
13.684,15.814,13.724,15.854,13.696,15.866
4.451,4.322,1000,1000,1000,1000
2.614,6.313,2.610,6.285,1000,1000
8.527,5.013,1000,1000,1000,1000
13.706,5.614,1000,1000,1000,1000
15.887,16.161,1000,1000,1000,1000
5.097,13.270,5.084,13.283,1000,1000
25.207,0.026,25.182,0.019,25.182,0.019
1.804,17.145,1.808,17.221,1.814,17.135
3.734,16.799,3.706,16.783,1000,1000
12.764,11.797,12.778,11.811,12.764,11.745
13.364,11.654,13.336,11.626,1000,1000
0.079,3.012,0.056,3.035,1000,1000
10.103,4.113,10.069,4.147,10.081,4.139
20.171,6.431,20.214,6.460,20.215,6.387
15.341,6.426,15.398,6.425,1000,1000
15.973,16.354,1000,1000,1000,1000
8.433,6.023,8.416,5.968,1000,1000
19.342,2.646,19.322,2.626,19.360,2.600
14.172,6.678,14.203,6.709,1000,1000
11.427,11.036,1000,1000,1000,1000
8.669,16.329,8.652,16.312,8.642,16.302
12.803,4.948,1000,1000,1000,1000
2.743,10.699,2.696,10.652,1000,1000
3.722,10.239,3.709,10.320,3.689,10.300
15.998,9.238,1000,1000,1000,1000
6.725,22.725,6.776,22.692,6.790,22.660
14.290,10.565,14.313,10.588,14.284,10.575
0.389,6.750,0.415,6.724,0.413,6.726
6.297,16.267,6.364,16.334,6.289,16.259
3.793,12.511,3.808,12.496,3.762,12.506
10.917,9.844,10.917,9.938,1000,1000
1.303,4.214,1.322,4.233,1000,1000
10.765,9.902,10.753,9.890,10.757,9.812
3.260,4.852,1000,1000,1000,1000
3.758,9.219,1000,1000,1000,1000
12.847,15.345,1000,1000,1000,1000
12.233,7.661,1000,1000,1000,1000
7.372,9.673,7.355,9.656,7.452,9.753
6.232,14.654,1000,1000,1000,1000
13.361,5.182,13.426,5.117,1000,1000
14.688,2.594,14.702,2.608,1000,1000
17.921,14.709,1000,1000,1000,1000
10.352,1.489,10.346,1.495,10.331,1.442
8.020,5.542,1000,1000,1000,1000
16.588,1.633,1000,1000,1000,1000
8.723,8.188,1000,1000,1000,1000
9.165,6.312,9.149,6.296,1000,1000
2.685,9.000,1000,1000,1000,1000
12.859,10.517,12.840,10.536,1000,1000
11.104,3.736,1000,1000,1000,1000
7.767,8.870,7.758,8.869,1000,1000
7.887,11.865,7.888,11.864,7.974,11.778
9.596,10.108,9.658,10.046,1000,1000
0.846,13.355,0.850,13.311,1000,1000
19.075,19.479,19.116,19.438,1000,1000
16.336,18.287,16.391,18.232,1000,1000
5.689,6.842,5.650,6.881,1000,1000
4.054,18.987,1000,1000,1000,1000
5.425,6.640,5.435,6.552,5.409,6.624
0.614,15.506,1000,1000,1000,1000
0.588,15.744,0.515,15.769,0.547,15.801
8.678,2.998,8.686,2.982,1000,1000
17.315,6.128,17.279,6.092,1000,1000
14.413,13.745,1000,1000,1000,1000
15.130,9.010,15.087,8.965,15.127,8.925
1.023,11.464,1000,1000,1000,1000
0.946,3.073,0.986,3.059,0.989,3.030
19.601,11.394,19.606,11.479,19.529,11.466
5.217,9.428,1000,1000,1000,1000
12.380,12.033,12.340,11.973,1000,1000
16.005,17.370,16.004,17.343,1000,1000
