9.247,4.752,9.262,4.763,1000,1000
0.052,9.195,-0.009,9.256,1000,1000
5.281,5.339,5.274,5.286,5.275,5.345
0.534,24.617,1000,1000,1000,1000
13.426,15.228,13.437,15.235,13.426,15.228
8.777,0.242,1000,1000,1000,1000
3.150,2.424,1000,1000,1000,1000
5.928,19.349,5.966,19.395,5.941,19.336
5.685,17.530,1000,1000,1000,1000
9.839,8.504,1000,1000,1000,1000
10.341,4.341,10.332,4.322,1000,1000
5.260,5.351,1000,1000,1000,1000
15.449,11.385,15.467,11.367,1000,1000
14.611,8.040,1000,1000,1000,1000
9.043,14.173,1000,1000,1000,1000
4.167,19.476,4.108,19.417,4.162,19.471
7.921,1.481,7.930,1.392,1000,1000
4.374,15.628,4.437,15.631,1000,1000
16.828,10.524,16.858,10.554,16.875,10.539
8.775,10.256,8.788,10.243,1000,1000
12.505,15.924,12.503,15.958,12.481,15.948
11.224,8.632,1000,1000,1000,1000
13.896,20.749,13.947,20.752,1000,1000
2.482,9.592,2.530,9.544,2.522,9.554
16.866,0.533,1000,1000,1000,1000
11.709,7.043,11.790,7.040,1000,1000
6.533,3.945,6.529,3.949,6.581,3.971
13.613,10.734,1000,1000,1000,1000
14.610,10.174,14.627,10.157,14.592,10.198
13.533,9.700,1000,1000,1000,1000
1.403,0.231,1.429,0.205,1000,1000
4.413,6.925,4.410,6.918,1000,1000
4.018,11.417,1000,1000,1000,1000
12.888,11.548,12.920,11.610,1000,1000
7.871,5.859,7.843,5.831,1000,1000
2.634,0.609,2.657,0.616,1000,1000
0.237,12.790,0.165,12.862,0.214,12.813
8.886,2.773,8.935,2.822,1000,1000
19.463,7.505,19.413,7.555,1000,1000
14.034,10.108,1000,1000,1000,1000
1.142,21.757,1.201,21.698,1000,1000
15.985,25.301,15.986,25.300,15.996,25.290
2.115,10.764,2.146,10.763,1000,1000
6.655,9.626,6.709,9.572,6.717,9.564
6.821,14.744,1000,1000,1000,1000
11.967,3.161,12.002,3.218,1000,1000
15.486,4.761,15.536,4.811,15.533,4.808
3.437,6.540,1000,1000,1000,1000
2.217,8.742,2.217,8.742,1000,1000
13.969,10.649,13.943,10.715,1000,1000
25.724,9.884,25.740,9.896,1000,1000
13.375,20.562,13.427,20.510,1000,1000
9.152,10.632,1000,1000,1000,1000
7.006,1.551,6.997,1.542,1000,1000
17.522,5.889,1000,1000,1000,1000
15.162,9.588,15.177,9.573,15.226,9.524
6.024,8.242,1000,1000,1000,1000
3.477,15.006,1000,1000,1000,1000
17.057,0.187,17.145,0.099,17.099,0.145
20.766,3.027,20.797,3.058,20.778,3.039
2.170,8.549,2.159,8.630,1000,1000
4.194,15.638,4.191,15.641,1000,1000
5.612,16.591,1000,1000,1000,1000
18.673,15.477,1000,1000,1000,1000
9.808,12.169,9.841,12.136,1000,1000
15.776,11.688,15.752,11.734,1000,1000
17.620,9.270,1000,1000,1000,1000
11.234,5.315,11.185,5.334,11.207,5.312
16.298,7.175,1000,1000,1000,1000
20.202,0.034,20.220,-0.046,20.172,0.002
11.843,19.316,11.867,19.362,11.817,19.312
15.606,11.050,1000,1000,1000,1000
12.506,6.361,12.479,6.334,1000,1000
11.296,16.525,11.288,16.533,11.267,16.592
4.010,7.101,3.979,7.070,1000,1000
3.906,8.092,3.973,8.067,1000,1000
7.679,16.383,7.665,16.463,7.746,16.450
17.940,13.065,1000,1000,1000,1000
15.349,14.107,1000,1000,1000,1000
16.255,10.379,1000,1000,1000,1000
10.331,10.595,10.398,10.662,10.378,10.644
12.385,8.999,1000,1000,1000,1000
3.912,18.981,3.989,19.000,3.932,18.961
17.392,14.671,1000,1000,1000,1000
1.598,7.817,1.684,7.811,1.612,7.883
5.043,14.582,1000,1000,1000,1000
4.194,8.405,4.221,8.432,4.281,8.394
19.216,7.875,19.169,7.886,1000,1000
6.404,0.056,6.424,0.036,6.453,0.037
14.851,16.433,1000,1000,1000,1000
7.960,14.428,1000,1000,1000,1000
18.074,11.034,1000,1000,1000,1000
4.980,13.006,4.970,12.996,4.987,12.995
4.163,14.895,1000,1000,1000,1000
4.257,5.735,4.293,5.797,1000,1000
18.459,12.860,1000,1000,1000,1000
4.568,6.662,1000,1000,1000,1000
1.201,15.358,1.187,15.418,1000,1000
4.877,8.750,4.877,8.750,4.885,8.758
12.952,3.957,1000,1000,1000,1000
10.942,5.450,10.893,5.401,1000,1000
9.868,2.978,9.850,2.970,1000,1000
7.423,14.807,7.432,14.798,7.407,14.823
5.102,12.290,1000,1000,1000,1000
8.199,4.106,8.185,4.092,8.190,4.097
13.194,16.547,1000,1000,1000,1000
16.786,11.640,16.780,11.646,1000,1000
5.484,17.083,5.453,17.100,1000,1000
7.805,4.179,7.799,4.211,1000,1000
5.353,7.496,5.359,7.490,5.360,7.439
3.763,8.527,1000,1000,1000,1000
5.617,9.596,1000,1000,1000,1000
10.787,15.584,10.844,15.601,10.816,15.613
20.701,3.465,20.756,3.520,1000,1000
5.367,15.892,5.342,15.893,1000,1000
15.130,18.955,1000,1000,1000,1000
6.123,12.683,6.096,12.638,6.147,12.689
11.362,11.511,11.384,11.489,1000,1000
9.304,23.214,1000,1000,1000,1000
12.526,13.950,12.513,13.963,12.549,13.927
15.394,5.145,15.307,5.156,1000,1000
4.685,5.715,4.661,5.691,4.727,5.757
3.337,7.108,3.273,7.078,3.328,7.133
6.710,9.847,1000,1000,1000,1000
21.961,9.541,1000,1000,1000,1000
12.582,4.893,12.543,4.854,1000,1000
9.336,7.072,9.353,6.999,1000,1000
19.797,2.481,1000,1000,1000,1000
6.828,11.217,6.804,11.193,6.778,11.219
4.402,4.914,4.453,4.863,4.460,4.936
14.893,12.980,14.841,13.032,1000,1000
8.307,13.435,8.294,13.354,1000,1000
12.380,16.619,1000,1000,1000,1000
9.989,10.319,9.968,10.390,10.026,10.356
11.599,16.908,1000,1000,1000,1000
2.179,3.886,1000,1000,1000,1000
14.030,15.889,14.029,15.926,1000,1000
1.011,18.264,1.013,18.262,0.995,18.280
20.607,16.171,1000,1000,1000,1000
14.680,0.260,1000,1000,1000,1000
11.443,9.833,11.448,9.908,1000,1000
14.084,9.340,14.070,9.354,14.122,9.396
13.005,15.019,13.085,15.007,1000,1000
5.592,12.973,5.657,13.038,5.586,12.967
14.637,11.656,1000,1000,1000,1000
7.947,0.027,1000,1000,1000,1000
18.643,24.395,1000,1000,1000,1000
9.985,2.500,9.952,2.519,9.934,2.537
4.727,14.857,4.688,14.836,1000,1000
9.632,17.598,9.675,17.555,1000,1000
18.066,8.494,18.076,8.504,1000,1000
11.261,8.226,11.249,8.214,1000,1000
21.864,8.039,21.810,8.093,21.856,8.047
18.610,5.862,18.630,5.810,18.625,5.877
8.256,10.111,8.304,10.163,1000,1000
8.126,10.286,1000,1000,1000,1000
4.354,5.921,4.385,5.890,4.337,5.938
11.929,17.460,1000,1000,1000,1000
21.242,15.626,21.232,15.616,1000,1000
6.370,4.671,6.395,4.696,1000,1000
0.432,10.541,1000,1000,1000,1000
0.730,13.142,1000,1000,1000,1000
16.134,20.764,1000,1000,1000,1000
8.624,20.236,8.604,20.216,1000,1000
14.687,19.969,14.752,20.034,1000,1000
14.218,9.192,14.290,9.176,1000,1000
8.461,8.680,8.470,8.671,8.448,8.693
11.397,7.542,1000,1000,1000,1000
5.819,18.535,5.831,18.523,1000,1000
10.110,14.115,10.144,14.149,10.115,14.110
19.291,3.142,19.300,3.217,19.298,3.215
7.696,16.280,7.690,16.284,1000,1000
2.641,20.140,2.649,20.112,1000,1000
13.984,17.671,1000,1000,1000,1000
7.992,15.725,8.059,15.748,1000,1000
13.431,10.215,13.413,10.221,13.442,10.226
10.851,3.585,10.865,3.599,10.930,3.664
7.884,0.337,1000,1000,1000,1000
1.076,2.555,1.128,2.503,1.054,2.509
6.808,1.711,6.745,1.680,6.783,1.686
16.840,6.247,1000,1000,1000,1000
16.423,4.721,1000,1000,1000,1000
2.599,16.966,1000,1000,1000,1000
9.350,12.571,9.387,12.558,9.322,12.543
9.082,14.294,9.056,14.268,9.049,14.261
8.636,18.287,8.617,18.306,1000,1000
7.711,16.025,1000,1000,1000,1000
19.757,12.731,19.765,12.741,19.725,12.781
2.484,13.591,2.443,13.550,2.438,13.565
8.830,15.355,1000,1000,1000,1000
4.711,13.128,1000,1000,1000,1000
8.997,4.825,1000,1000,1000,1000
7.147,8.064,7.151,8.068,1000,1000
11.544,5.742,11.551,5.735,11.556,5.676
2.871,5.559,1000,1000,1000,1000
15.879,18.103,1000,1000,1000,1000
1.435,5.537,1.420,5.522,1.440,5.548
17.654,0.476,1000,1000,1000,1000
13.745,21.837,13.698,21.884,13.709,21.873
3.192,4.979,3.200,4.963,1000,1000
20.709,6.585,1000,1000,1000,1000
7.364,0.790,7.365,0.791,1000,1000
1.967,4.145,1.968,4.146,1000,1000
18.677,16.090,18.635,16.104,18.661,16.074
2.501,7.937,2.485,7.953,1000,1000
7.897,5.538,7.885,5.580,7.935,5.530
7.759,11.709,7.748,11.698,7.730,11.680
13.278,1.698,1000,1000,1000,1000
6.452,7.379,6.502,7.343,6.454,7.295
15.574,5.015,15.484,5.105,15.501,5.088
12.575,14.805,12.551,14.771,1000,1000
14.932,9.600,1000,1000,1000,1000
4.493,5.106,4.449,5.050,1000,1000
16.981,15.352,1000,1000,1000,1000
11.762,15.130,11.726,15.102,1000,1000
4.008,13.501,3.953,13.462,3.957,13.450
6.526,9.855,6.489,9.818,1000,1000
19.063,16.040,19.060,16.019,19.120,16.079
9.338,11.688,9.395,11.745,1000,1000
7.862,11.054,7.870,11.078,7.832,11.040
10.746,13.939,10.787,13.898,10.705,13.900
0.070,7.210,1000,1000,1000,1000
6.875,10.521,6.888,10.536,6.841,10.489
3.361,7.487,1000,1000,1000,1000
5.103,0.745,5.125,0.767,5.122,0.780
10.983,5.258,1000,1000,1000,1000
7.066,18.906,7.109,18.863,1000,1000
3.679,7.289,1000,1000,1000,1000
6.371,7.626,1000,1000,1000,1000
19.689,12.106,19.643,12.070,1000,1000
8.471,2.126,1000,1000,1000,1000
17.900,14.298,17.861,14.337,1000,1000
12.268,9.771,12.293,9.738,12.251,9.788
7.481,8.592,1000,1000,1000,1000
16.194,16.649,16.240,16.681,16.244,16.699
12.368,10.714,12.370,10.740,1000,1000
12.100,4.381,12.128,4.409,12.110,4.369
15.737,5.286,1000,1000,1000,1000
7.464,18.889,1000,1000,1000,1000
16.130,12.051,16.191,12.058,16.183,12.104
18.481,13.461,18.480,13.418,18.464,13.478
12.228,16.018,12.164,16.050,12.163,16.049
10.027,15.952,1000,1000,1000,1000
22.303,12.306,22.288,12.305,22.304,12.321
14.405,10.373,14.496,10.282,1000,1000
15.216,12.261,15.223,12.254,1000,1000
13.093,3.634,13.011,3.716,1000,1000
16.626,11.083,16.624,11.081,1000,1000
12.283,7.742,12.339,7.686,1000,1000
5.762,7.445,5.797,7.410,1000,1000
12.340,19.784,1000,1000,1000,1000
10.559,8.444,1000,1000,1000,1000
9.688,20.523,9.660,20.551,1000,1000
10.357,8.123,1000,1000,1000,1000
1.596,7.205,1.606,7.195,1.595,7.206
7.780,10.096,7.822,10.138,7.750,10.116
2.561,12.598,1000,1000,1000,1000
9.338,12.796,9.344,12.790,9.370,12.764
16.183,7.733,16.234,7.682,1000,1000
13.068,10.572,13.077,10.523,13.023,10.577
12.858,14.715,1000,1000,1000,1000
3.548,12.100,3.530,12.118,3.553,12.187
19.473,6.288,19.522,6.239,1000,1000
9.154,6.159,9.088,6.093,9.066,6.071
11.482,13.351,11.496,13.383,11.446,13.333
4.196,11.324,4.186,11.314,1000,1000
20.228,18.804,20.271,18.761,20.295,18.737
10.540,8.729,10.585,8.774,1000,1000
0.348,3.736,0.385,3.745,0.421,3.709
9.738,11.963,1000,1000,1000,1000
7.672,8.305,7.672,8.401,7.683,8.316
10.564,11.264,1000,1000,1000,1000
6.282,7.233,6.245,7.270,1000,1000
12.100,12.490,12.089,12.501,1000,1000
6.385,19.200,1000,1000,1000,1000
1.179,16.083,1.141,16.121,1000,1000
12.610,16.803,1000,1000,1000,1000
13.991,4.440,1000,1000,1000,1000
1.085,15.950,1.038,15.951,1000,1000
19.208,13.555,19.147,13.518,1000,1000
10.784,7.177,10.754,7.207,10.780,7.181
0.599,8.580,1000,1000,1000,1000
8.958,14.791,9.006,14.743,9.028,14.721
2.034,5.220,2.064,5.224,2.099,5.285
3.470,10.887,3.440,10.917,3.432,10.895
3.734,10.832,1000,1000,1000,1000
12.153,4.743,12.125,4.771,1000,1000
8.441,13.488,8.445,13.484,8.496,13.433
6.430,11.478,6.456,11.504,6.379,11.511
3.976,7.619,1000,1000,1000,1000
4.844,11.988,4.895,11.937,1000,1000
4.009,10.839,4.057,10.791,1000,1000
7.096,10.801,1000,1000,1000,1000
0.475,20.040,0.454,20.019,1000,1000
3.449,26.886,3.392,26.863,1000,1000
10.529,8.572,1000,1000,1000,1000
15.442,12.463,15.420,12.421,1000,1000
24.298,7.477,24.226,7.455,1000,1000
5.454,13.856,1000,1000,1000,1000
12.405,5.604,12.445,5.562,1000,1000
8.233,10.608,1000,1000,1000,1000
5.814,15.160,5.789,15.161,1000,1000
4.983,6.552,5.027,6.596,1000,1000
3.102,13.912,3.135,13.939,1000,1000
12.329,12.783,12.385,12.815,1000,1000
10.368,12.934,10.344,12.910,1000,1000
25.919,2.970,1000,1000,1000,1000
10.625,16.508,10.609,16.492,10.546,16.429
7.844,5.849,7.776,5.781,7.795,5.828
10.625,7.015,10.588,6.960,1000,1000
19.106,8.524,1000,1000,1000,1000
13.813,14.306,13.879,14.372,13.850,14.303
2.733,6.407,2.738,6.402,1000,1000
3.727,9.283,3.681,9.331,1000,1000
1.100,1.758,1000,1000,1000,1000
15.959,12.293,1000,1000,1000,1000
11.174,7.506,1000,1000,1000,1000
13.268,21.023,1000,1000,1000,1000
17.262,12.771,1000,1000,1000,1000
25.515,8.584,25.572,8.595,1000,1000
20.634,9.491,20.677,9.448,1000,1000
6.595,2.065,1000,1000,1000,1000
11.634,6.618,11.652,6.618,1000,1000
9.127,1.039,1000,1000,1000,1000
6.674,17.802,6.633,17.819,6.608,17.794
8.977,7.675,9.014,7.724,1000,1000
8.194,11.762,1000,1000,1000,1000
10.429,14.520,1000,1000,1000,1000
19.317,8.842,19.284,8.815,19.356,8.887
2.913,12.883,1000,1000,1000,1000
12.879,16.212,12.884,16.217,1000,1000
12.461,5.660,12.470,5.713,12.445,5.688
4.778,7.762,4.788,7.726,4.798,7.716
9.107,16.686,9.116,16.609,1000,1000
4.341,7.873,1000,1000,1000,1000
19.213,5.562,19.167,5.612,1000,1000
6.946,16.762,1000,1000,1000,1000
4.696,8.125,1000,1000,1000,1000
8.848,14.951,8.830,14.969,8.885,14.914
13.220,16.156,1000,1000,1000,1000
7.605,0.026,7.575,0.058,7.577,-0.002
11.617,10.335,11.549,10.403,1000,1000
3.107,2.325,3.063,2.369,1000,1000
7.816,12.664,7.836,12.644,1000,1000
4.109,8.680,4.081,8.718,1000,1000
11.880,9.585,11.859,9.516,11.868,9.573
1.874,15.844,1.824,15.824,1.844,15.804
7.562,3.237,7.486,3.247,7.489,3.244
9.283,5.849,1000,1000,1000,1000
5.132,16.939,5.211,16.940,1000,1000
11.026,13.964,11.022,13.960,1000,1000
9.061,10.524,9.032,10.509,1000,1000
2.975,4.837,1000,1000,1000,1000
5.157,17.618,1000,1000,1000,1000
12.843,11.073,1000,1000,1000,1000
14.755,4.675,14.757,4.645,1000,1000
5.169,9.298,5.243,9.304,5.225,9.286
12.209,17.408,12.224,17.385,12.187,17.430
13.610,4.520,1000,1000,1000,1000
20.391,13.011,1000,1000,1000,1000
5.964,19.376,6.014,19.426,5.977,19.447
1.657,6.438,1.664,6.501,1000,1000
22.948,2.150,23.018,2.080,1000,1000
13.203,4.941,13.156,4.988,13.200,5.016
15.472,6.253,15.487,6.268,1000,1000
14.444,4.896,1000,1000,1000,1000
14.415,10.411,1000,1000,1000,1000
7.650,3.526,7.651,3.525,7.698,3.478
12.176,13.108,1000,1000,1000,1000
10.832,0.865,10.799,0.832,10.833,0.864
20.869,14.269,20.833,14.299,1000,1000
20.060,10.953,1000,1000,1000,1000
13.103,16.311,1000,1000,1000,1000
7.275,11.452,7.265,11.524,7.311,11.478
10.044,7.309,1000,1000,1000,1000
10.709,14.392,10.760,14.399,1000,1000
9.063,20.779,9.082,20.798,9.057,20.773
10.464,8.462,1000,1000,1000,1000
27.456,13.839,27.503,13.886,1000,1000
10.316,9.056,10.379,9.077,10.328,9.068
8.549,22.510,8.534,22.525,8.481,22.526
16.560,14.934,16.631,14.863,16.592,14.902
23.179,2.194,23.203,2.236,1000,1000
11.576,6.231,11.628,6.185,1000,1000
10.380,7.605,10.311,7.674,10.362,7.623
14.709,8.170,14.724,8.153,14.733,8.162
21.758,0.981,21.831,1.002,21.767,1.066
1.935,9.534,1000,1000,1000,1000
9.375,24.205,9.341,24.239,1000,1000
0.919,16.079,0.997,16.157,1000,1000
4.955,6.655,1000,1000,1000,1000
7.280,1.555,7.343,1.568,1000,1000
14.796,5.169,14.706,5.179,1000,1000
3.211,6.875,3.268,6.932,3.227,6.915
12.524,6.920,1000,1000,1000,1000
4.911,9.287,4.904,9.348,1000,1000
14.361,18.332,14.363,18.334,1000,1000
9.309,13.921,9.322,13.978,1000,1000
10.042,7.019,10.064,6.997,1000,1000
12.098,2.449,1000,1000,1000,1000
7.130,18.615,7.148,18.629,1000,1000
17.462,6.393,17.459,6.362,1000,1000
1.275,8.395,1.280,8.390,1000,1000
18.350,12.478,18.280,12.408,18.297,12.425
23.776,21.578,1000,1000,1000,1000
9.489,4.939,9.494,4.934,1000,1000
4.932,16.280,1000,1000,1000,1000
12.888,9.701,12.929,9.678,12.875,9.688
15.405,13.729,1000,1000,1000,1000
5.780,14.890,1000,1000,1000,1000
15.693,5.587,15.678,5.614,15.714,5.578
12.716,6.280,12.668,6.234,12.667,6.231
14.286,16.599,1000,1000,1000,1000
6.454,7.018,1000,1000,1000,1000
17.667,14.375,17.683,14.359,17.693,14.335
11.579,4.240,1000,1000,1000,1000
8.775,25.981,8.787,25.981,8.827,26.033
16.688,12.533,1000,1000,1000,1000
15.358,11.396,15.348,11.406,1000,1000
7.594,18.615,7.652,18.593,7.569,18.676
0.533,0.361,1000,1000,1000,1000
11.887,18.590,11.868,18.619,11.853,18.604
13.627,2.449,13.683,2.505,13.640,2.462
11.325,6.136,1000,1000,1000,1000
17.030,6.768,17.031,6.719,17.065,6.753
6.587,1.736,6.614,1.769,6.592,1.747
16.043,20.221,16.031,20.171,1000,1000
9.997,1.927,1000,1000,1000,1000
20.622,14.283,20.551,14.270,20.567,14.254
8.388,7.008,1000,1000,1000,1000
3.219,15.118,3.263,15.074,3.223,15.058
6.135,9.604,6.121,9.590,1000,1000
14.760,9.918,1000,1000,1000,1000
10.678,14.162,10.669,14.171,1000,1000
16.128,7.814,16.099,7.817,1000,1000
13.918,3.307,13.878,3.347,13.898,3.369
9.521,0.329,9.569,0.363,1000,1000
7.543,4.383,7.531,4.329,1000,1000
11.729,3.816,1000,1000,1000,1000
14.396,10.730,14.441,10.683,1000,1000
4.964,15.167,1000,1000,1000,1000
2.371,2.085,1000,1000,1000,1000
12.831,15.058,12.787,15.014,1000,1000
16.552,17.456,16.591,17.473,1000,1000
2.341,13.163,1000,1000,1000,1000
9.672,16.812,9.686,16.826,9.731,16.871
16.760,15.735,1000,1000,1000,1000
9.053,3.614,9.031,3.636,1000,1000
9.658,15.208,9.663,15.213,9.641,15.191
15.004,9.446,15.010,9.452,1000,1000
10.149,9.210,10.088,9.149,10.164,9.159
6.171,7.876,6.188,7.825,6.202,7.811
7.114,15.546,7.118,15.550,7.122,15.554
3.055,17.074,2.995,17.014,3.068,17.033
8.606,14.272,1000,1000,1000,1000
14.133,16.335,1000,1000,1000,1000
19.118,11.396,19.169,11.345,1000,1000
9.030,3.131,1000,1000,1000,1000
2.705,14.443,1000,1000,1000,1000
24.071,0.914,24.108,0.975,1000,1000
3.149,0.900,3.155,0.894,1000,1000
1.291,6.237,1000,1000,1000,1000
16.172,0.155,16.107,0.090,1000,1000
10.094,21.811,10.144,21.781,10.111,21.748
8.283,9.243,8.347,9.179,8.310,9.216
3.363,3.717,1000,1000,1000,1000
11.490,8.524,1000,1000,1000,1000
10.383,19.541,10.342,19.582,1000,1000
0.456,7.283,1000,1000,1000,1000
17.375,11.996,1000,1000,1000,1000
6.764,3.215,1000,1000,1000,1000
15.429,6.194,15.382,6.147,15.471,6.236
10.189,11.139,10.193,11.143,1000,1000
7.120,15.125,7.076,15.169,1000,1000
7.684,10.740,7.626,10.682,7.688,10.744
18.787,4.248,1000,1000,1000,1000
17.270,11.028,17.318,10.986,1000,1000
11.565,13.147,11.605,13.099,11.584,13.120
12.192,2.940,12.199,2.869,12.238,2.908
13.968,16.960,1000,1000,1000,1000
22.481,11.787,1000,1000,1000,1000
13.739,4.982,13.715,5.006,1000,1000
4.426,12.585,4.403,12.522,1000,1000
12.747,5.924,1000,1000,1000,1000
13.192,13.387,13.161,13.338,13.208,13.385
12.047,4.625,12.038,4.634,1000,1000
5.244,13.939,5.222,13.917,5.243,13.892
0.853,2.438,0.833,2.450,1000,1000
11.220,14.315,11.196,14.269,11.191,14.274
6.694,7.378,1000,1000,1000,1000
14.822,6.554,14.863,6.589,14.890,6.622
13.005,3.680,12.983,3.658,12.951,3.726
5.980,14.723,1000,1000,1000,1000
8.273,13.588,1000,1000,1000,1000
17.537,15.070,1000,1000,1000,1000
15.077,2.994,15.096,2.965,1000,1000
14.582,20.787,14.592,20.711,14.544,20.759
9.535,11.042,9.543,11.004,9.518,11.025
15.566,6.154,15.649,6.071,15.598,6.122
1.852,0.329,1000,1000,1000,1000
7.905,13.347,1000,1000,1000,1000
9.684,13.819,9.652,13.787,1000,1000
5.742,9.209,5.686,9.179,5.650,9.215
0.819,9.578,0.789,9.586,0.761,9.636
11.916,0.605,11.876,0.579,1000,1000
3.395,5.725,3.395,5.725,1000,1000
13.202,12.586,1000,1000,1000,1000
10.764,5.594,1000,1000,1000,1000
11.205,13.304,1000,1000,1000,1000
1.217,1.152,1000,1000,1000,1000
4.828,5.941,1000,1000,1000,1000
7.489,11.187,1000,1000,1000,1000
5.417,5.606,1000,1000,1000,1000
3.722,20.528,3.745,20.575,3.720,20.530
8.594,9.443,8.598,9.467,8.635,9.430
5.480,10.827,5.439,10.786,1000,1000
0.110,9.184,0.119,9.175,1000,1000
16.740,7.060,16.729,7.071,16.743,7.075
12.862,14.457,12.788,14.383,1000,1000
8.322,8.824,1000,1000,1000,1000
3.935,12.914,1000,1000,1000,1000
5.407,4.017,5.477,4.013,5.461,3.997
11.592,3.869,11.607,3.902,11.557,3.904
0.339,2.890,1000,1000,1000,1000
12.344,17.016,12.347,17.019,12.304,16.976
7.300,14.195,1000,1000,1000,1000
11.450,8.876,1000,1000,1000,1000
10.125,1.190,10.089,1.226,10.117,1.162
5.479,3.543,5.473,3.537,1000,1000
4.140,2.532,4.189,2.483,1000,1000
14.315,6.609,14.334,6.628,14.370,6.620
1.237,10.788,1000,1000,1000,1000
6.884,24.335,1000,1000,1000,1000
19.657,2.002,19.664,1.913,1000,1000
6.505,6.444,6.489,6.408,6.476,6.395
24.030,4.770,24.090,4.710,24.037,4.681
13.653,14.912,13.703,14.884,13.653,14.912
16.558,0.252,16.580,0.274,16.577,0.271
8.426,8.652,1000,1000,1000,1000
22.931,14.835,22.950,14.816,1000,1000
20.065,6.584,1000,1000,1000,1000
0.202,8.762,0.184,8.744,0.200,8.694
15.456,4.815,15.479,4.764,1000,1000
5.421,9.171,5.454,9.112,5.383,9.183
13.841,2.628,13.772,2.697,1000,1000
14.861,7.293,14.769,7.385,14.837,7.361
12.096,5.605,12.083,5.554,12.023,5.614
-0.009,9.209,0.012,9.230,1000,1000
2.689,15.806,2.740,15.857,1000,1000
6.869,7.576,1000,1000,1000,1000
6.686,14.405,1000,1000,1000,1000
18.797,9.728,1000,1000,1000,1000
0.230,10.092,0.226,10.148,1000,1000
12.449,16.479,12.457,16.537,12.434,16.514
5.211,8.994,1000,1000,1000,1000
17.579,15.847,1000,1000,1000,1000
14.516,9.983,14.476,10.023,1000,1000
7.876,3.430,7.798,3.508,7.884,3.510
4.186,9.957,4.146,9.947,1000,1000
12.769,9.150,12.813,9.106,12.724,9.195
11.410,7.805,11.436,7.831,1000,1000
14.924,13.432,14.932,13.412,14.904,13.412
5.562,10.020,1000,1000,1000,1000
5.598,9.176,5.673,9.169,1000,1000
19.391,17.596,19.394,17.599,1000,1000
9.729,5.545,9.798,5.570,1000,1000
12.464,8.431,1000,1000,1000,1000
21.626,20.094,21.706,20.086,21.641,20.109
9.091,3.157,8.999,3.157,9.067,3.181
12.930,16.077,1000,1000,1000,1000
3.535,19.560,1000,1000,1000,1000
13.664,9.601,13.684,9.659,1000,1000
2.672,6.209,1000,1000,1000,1000
5.500,10.283,1000,1000,1000,1000
10.537,24.025,10.538,23.938,1000,1000
18.682,0.134,18.590,0.226,1000,1000
20.889,11.476,1000,1000,1000,1000
15.668,11.525,1000,1000,1000,1000
19.832,8.526,19.807,8.583,19.762,8.596
5.306,0.658,1000,1000,1000,1000
11.068,7.583,11.101,7.616,1000,1000
16.519,4.087,1000,1000,1000,1000
13.063,8.207,13.115,8.169,1000,1000
16.711,13.006,16.726,13.065,16.765,13.026
7.380,6.998,1000,1000,1000,1000
7.327,5.775,7.292,5.740,1000,1000
6.760,2.296,6.747,2.283,1000,1000
13.692,11.493,13.702,11.503,1000,1000
10.202,10.475,10.221,10.440,1000,1000
0.476,15.360,0.514,15.322,1000,1000
3.892,17.122,1000,1000,1000,1000
6.002,2.862,1000,1000,1000,1000
9.060,8.516,9.084,8.492,1000,1000
15.767,12.287,15.718,12.278,1000,1000
12.802,5.206,12.827,5.189,12.797,5.219
8.682,3.492,8.720,3.488,1000,1000
12.948,14.166,1000,1000,1000,1000
1.165,17.643,1.241,17.719,1.158,17.636
3.651,4.336,3.699,4.360,1000,1000
11.009,4.339,11.049,4.379,10.999,4.383
1.977,8.308,1.906,8.329,1000,1000
13.155,13.824,13.149,13.784,13.174,13.809
10.764,13.107,1000,1000,1000,1000
13.043,8.479,13.031,8.491,1000,1000
15.776,5.815,1000,1000,1000,1000
6.563,7.182,6.495,7.250,1000,1000
14.732,16.668,1000,1000,1000,1000
12.199,7.851,1000,1000,1000,1000
2.019,4.935,1000,1000,1000,1000
4.201,15.331,4.214,15.314,1000,1000
2.410,15.269,2.450,15.309,2.439,15.298
2.968,10.608,1000,1000,1000,1000
11.441,5.955,11.463,5.933,11.491,5.905
11.234,6.375,11.249,6.390,11.178,6.319
0.734,12.014,0.718,11.998,0.676,11.956
13.908,3.971,1000,1000,1000,1000
8.285,7.974,8.315,7.944,8.341,7.976
2.482,15.088,2.491,15.169,1000,1000
16.562,9.847,16.593,9.878,1000,1000
8.362,8.577,1000,1000,1000,1000
11.372,2.249,11.397,2.186,1000,1000
9.335,14.169,9.292,14.118,1000,1000
9.189,15.049,1000,1000,1000,1000
16.049,11.375,16.017,11.343,16.057,11.383
22.043,16.613,21.993,16.663,1000,1000
10.193,10.907,1000,1000,1000,1000
11.011,9.635,11.005,9.599,1000,1000
7.779,14.143,7.736,14.130,7.781,14.145
8.477,5.190,1000,1000,1000,1000
17.258,12.035,17.340,12.045,1000,1000
16.431,20.330,1000,1000,1000,1000
0.286,4.171,0.304,4.169,1000,1000
2.297,9.503,1000,1000,1000,1000
7.580,6.872,7.584,6.838,1000,1000
10.849,16.315,10.831,16.313,1000,1000
9.323,7.547,1000,1000,1000,1000
1.948,14.392,1.952,14.356,1000,1000
11.185,10.370,11.141,10.326,1000,1000
20.335,9.797,1000,1000,1000,1000
10.362,23.291,1000,1000,1000,1000
3.001,5.424,1000,1000,1000,1000
10.090,12.238,10.066,12.312,1000,1000
8.835,9.334,8.837,9.266,8.836,9.265
2.634,10.944,2.660,10.970,1000,1000
5.356,14.891,5.348,14.967,5.439,14.974
1.332,16.727,1.377,16.772,1.367,16.702
0.181,4.403,0.134,4.432,1000,1000
5.886,13.413,5.924,13.451,5.910,13.393
11.407,11.813,11.428,11.834,11.398,11.876
13.716,1.923,1000,1000,1000,1000
8.720,10.753,1000,1000,1000,1000
15.848,0.252,15.882,0.286,1000,1000
12.613,14.872,1000,1000,1000,1000
16.833,10.175,16.834,10.174,16.863,10.145
8.963,6.765,8.959,6.769,1000,1000
18.446,15.599,18.477,15.568,18.433,15.544
13.594,5.260,13.606,5.320,1000,1000
4.377,8.351,4.381,8.347,1000,1000
6.076,1.601,6.099,1.578,1000,1000
5.769,3.148,5.821,3.148,5.796,3.173
19.632,12.866,19.585,12.913,1000,1000
13.862,8.773,13.788,8.699,1000,1000
19.787,13.210,19.827,13.170,1000,1000
15.370,8.157,15.353,8.140,15.385,8.172
9.274,6.932,9.335,6.913,9.305,6.943
10.945,1.691,10.931,1.677,10.893,1.639
10.719,2.432,10.742,2.409,1000,1000
2.170,18.010,1000,1000,1000,1000
1.138,9.402,1.147,9.395,1.169,9.371
12.942,12.442,12.943,12.499,12.943,12.499
1.726,4.955,1.751,4.930,1000,1000
1.466,5.396,1.536,5.326,1000,1000
20.763,10.294,20.757,10.206,1000,1000
12.412,9.044,12.426,9.058,12.438,9.070
18.060,13.813,18.102,13.819,18.058,13.811
15.893,8.276,15.842,8.267,15.898,8.281
16.206,10.063,16.291,10.052,1000,1000
13.439,12.255,1000,1000,1000,1000
6.016,8.208,5.950,8.210,1000,1000
5.830,12.203,1000,1000,1000,1000
12.226,7.149,12.213,7.204,12.264,7.153
14.787,11.423,14.791,11.427,14.767,11.403
9.278,22.964,9.303,23.003,9.247,22.995
8.065,11.048,8.144,11.067,8.160,11.143
21.697,12.160,21.744,12.207,1000,1000
9.273,5.250,1000,1000,1000,1000
1.421,9.539,1.407,9.525,1.421,9.539
11.601,18.931,1000,1000,1000,1000
10.659,10.792,10.603,10.736,10.643,10.726
11.144,3.035,11.166,3.027,1000,1000
10.545,12.362,1000,1000,1000,1000
13.164,9.830,1000,1000,1000,1000
9.005,1.278,1000,1000,1000,1000
11.753,13.435,11.741,13.423,11.796,13.432
14.105,16.053,14.182,16.074,1000,1000
8.112,9.852,8.125,9.829,8.108,9.812
5.144,20.669,5.136,20.677,5.145,20.712
13.910,4.880,13.925,4.865,13.961,4.829
29.378,5.807,29.431,5.792,1000,1000
9.195,10.791,9.148,10.838,1000,1000
11.807,6.059,11.834,6.094,11.807,6.059
9.838,14.024,9.788,13.974,1000,1000
1.549,5.285,1.577,5.295,1.589,5.307
7.883,8.249,7.920,8.264,7.952,8.232
0.448,0.380,0.465,0.397,0.405,0.337
3.834,14.079,3.765,14.010,1000,1000
2.807,16.946,1000,1000,1000,1000
8.068,12.710,8.052,12.726,8.069,12.709
5.234,6.837,5.224,6.847,5.305,6.766
14.958,12.805,1000,1000,1000,1000
5.166,7.440,1000,1000,1000,1000
3.948,3.647,3.877,3.660,3.922,3.615
10.839,18.179,1000,1000,1000,1000
11.990,14.422,12.009,14.403,1000,1000
9.130,17.864,1000,1000,1000,1000
1.476,19.140,1.430,19.094,1000,1000
7.257,9.246,1000,1000,1000,1000
6.295,11.175,6.250,11.130,6.261,11.177
5.159,5.870,5.151,5.878,5.193,5.836
6.861,13.329,6.891,13.299,1000,1000
4.543,1.679,4.549,1.767,4.568,1.704
5.188,7.321,1000,1000,1000,1000
13.146,11.882,1000,1000,1000,1000
13.900,19.654,1000,1000,1000,1000
2.751,18.643,2.708,18.686,1000,1000
15.955,5.957,15.978,5.980,15.978,5.918
8.724,11.486,8.799,11.493,8.767,11.529
10.190,3.477,1000,1000,1000,1000
16.207,8.988,1000,1000,1000,1000
3.086,9.384,3.095,9.307,3.088,9.314
7.706,6.876,7.689,6.893,1000,1000
11.444,15.204,1000,1000,1000,1000
8.206,7.886,8.149,7.869,8.217,7.937
10.271,11.854,1000,1000,1000,1000
15.243,12.504,15.162,12.585,1000,1000
17.468,6.219,17.473,6.212,1000,1000
13.714,13.262,13.670,13.284,1000,1000
6.127,8.173,6.194,8.176,6.193,8.239
2.072,12.273,2.101,12.296,1000,1000
0.208,17.880,1000,1000,1000,1000
1.006,4.058,0.984,4.008,1000,1000
13.192,12.601,13.231,12.564,13.213,12.580
0.040,0.155,0.079,0.136,1000,1000
7.462,8.548,7.454,8.458,7.508,8.512
20.876,1.102,20.854,1.120,1000,1000
2.565,23.608,2.570,23.613,1000,1000
2.829,12.588,2.778,12.585,1000,1000
6.408,8.884,1000,1000,1000,1000
14.765,17.184,14.839,17.166,14.782,17.201
4.106,10.048,4.072,10.080,4.087,10.067
1.466,15.192,1.450,15.208,1000,1000
13.692,2.135,1000,1000,1000,1000
8.925,16.890,8.883,16.854,8.914,16.879
11.339,14.368,11.385,14.400,11.352,14.381
5.781,19.699,1000,1000,1000,1000
12.772,16.551,1000,1000,1000,1000
10.312,17.637,1000,1000,1000,1000
5.019,10.518,1000,1000,1000,1000
9.203,10.898,1000,1000,1000,1000
7.620,12.128,7.616,12.124,1000,1000
2.125,4.151,2.114,4.132,1000,1000
12.603,14.407,12.625,14.429,12.630,14.434
13.805,4.706,1000,1000,1000,1000
8.136,14.051,1000,1000,1000,1000
5.744,18.160,5.716,18.194,1000,1000
12.637,10.519,12.691,10.499,12.646,10.510
6.260,6.071,1000,1000,1000,1000
5.694,8.548,5.720,8.564,1000,1000
14.100,8.859,14.114,8.883,14.127,8.832
6.522,15.095,6.551,15.066,1000,1000
0.460,10.766,0.469,10.757,1000,1000
12.508,12.611,12.476,12.657,1000,1000
14.786,10.555,14.846,10.495,14.764,10.513
7.581,13.904,7.634,13.883,1000,1000
16.066,6.703,1000,1000,1000,1000
3.524,17.830,3.499,17.855,1000,1000
2.803,0.377,2.772,0.436,1000,1000
20.627,9.900,1000,1000,1000,1000
8.896,8.738,1000,1000,1000,1000
16.385,15.780,1000,1000,1000,1000
15.736,0.393,15.733,0.396,1000,1000
19.079,12.504,19.086,12.511,1000,1000
12.652,7.231,12.669,7.214,1000,1000
8.115,15.963,8.107,15.971,8.098,15.946
13.296,10.288,1000,1000,1000,1000
17.693,23.504,17.640,23.519,1000,1000
15.470,14.864,15.492,14.826,15.488,14.882
11.048,11.249,1000,1000,1000,1000
2.669,2.555,1000,1000,1000,1000
14.755,15.588,1000,1000,1000,1000
18.427,9.521,1000,1000,1000,1000
7.862,13.948,1000,1000,1000,1000
18.073,12.736,18.056,12.751,18.068,12.731
1.221,25.133,1.277,25.189,1000,1000
4.000,11.643,1000,1000,1000,1000
11.216,13.193,11.245,13.164,1000,1000
6.989,14.751,6.930,14.810,1000,1000
15.544,6.601,1000,1000,1000,1000
3.595,9.640,3.577,9.600,3.609,9.654
7.535,3.233,1000,1000,1000,1000
21.457,16.743,21.462,16.738,21.402,16.798
4.372,10.593,4.420,10.623,1000,1000
11.416,19.822,11.445,19.845,1000,1000
16.676,13.255,16.591,13.170,16.624,13.223
3.641,19.752,3.634,19.717,1000,1000
5.490,8.668,5.444,8.714,5.511,8.647
3.054,18.121,1000,1000,1000,1000
12.711,15.273,12.691,15.265,12.665,15.239
0.550,0.110,0.544,0.138,1000,1000
7.094,14.941,7.158,14.877,7.133,14.902
7.639,0.657,7.626,0.670,1000,1000
3.838,0.951,3.892,0.981,1000,1000
13.562,0.216,13.568,0.210,13.520,0.220
17.725,5.073,1000,1000,1000,1000
5.883,6.528,1000,1000,1000,1000
10.939,5.114,10.987,5.152,1000,1000
7.347,10.150,1000,1000,1000,1000
0.105,17.003,0.171,17.069,1000,1000
8.478,9.692,8.424,9.648,8.504,9.728
5.793,11.996,5.740,11.953,1000,1000
5.857,5.229,1000,1000,1000,1000
0.440,0.119,1000,1000,1000,1000
1.134,3.368,1000,1000,1000,1000
15.542,1.279,15.501,1.276,1000,1000
8.530,1.791,8.552,1.813,1000,1000
10.861,10.860,1000,1000,1000,1000
9.999,10.678,9.910,10.767,1000,1000
7.300,7.729,1000,1000,1000,1000
13.426,6.533,13.420,6.539,13.407,6.542
18.792,8.854,1000,1000,1000,1000
6.228,17.210,6.240,17.198,1000,1000
9.510,7.807,9.525,7.792,1000,1000
16.800,1.644,1000,1000,1000,1000
15.952,0.600,16.022,0.670,15.976,0.654
10.474,14.976,10.452,14.940,10.506,14.994
8.656,18.395,1000,1000,1000,1000
2.528,23.217,1000,1000,1000,1000
11.103,15.259,11.080,15.298,1000,1000
1.753,7.158,1000,1000,1000,1000
8.139,7.471,1000,1000,1000,1000
7.558,19.403,7.641,19.388,1000,1000
1.069,3.849,1000,1000,1000,1000
25.319,14.526,1000,1000,1000,1000
10.157,5.464,1000,1000,1000,1000
11.282,9.592,11.285,9.553,11.319,9.555
19.131,15.836,19.061,15.856,19.133,15.834
16.650,11.960,16.600,11.952,16.592,11.960
5.288,11.219,5.312,11.243,1000,1000
15.310,11.575,15.300,11.557,1000,1000
12.764,12.233,12.722,12.275,1000,1000
14.539,2.889,14.478,2.860,14.479,2.859
4.677,8.528,1000,1000,1000,1000
9.746,11.274,1000,1000,1000,1000
19.440,7.383,19.478,7.443,1000,1000
0.531,13.460,0.529,13.370,1000,1000
8.819,2.481,1000,1000,1000,1000
5.826,8.442,5.819,8.449,5.822,8.488
5.322,10.552,1000,1000,1000,1000
6.580,5.258,1000,1000,1000,1000
14.424,5.301,14.451,5.322,1000,1000
10.824,8.668,10.846,8.690,1000,1000
3.321,8.567,1000,1000,1000,1000
11.024,11.421,1000,1000,1000,1000
15.357,13.134,15.423,13.150,1000,1000
0.188,0.155,1000,1000,1000,1000
8.656,9.567,8.694,9.529,1000,1000
8.686,9.868,8.662,9.810,8.678,9.876
16.219,5.024,1000,1000,1000,1000
6.262,14.754,1000,1000,1000,1000
12.248,8.106,1000,1000,1000,1000
3.739,12.330,1000,1000,1000,1000
18.890,2.245,18.836,2.191,1000,1000
14.025,14.592,1000,1000,1000,1000
10.278,5.427,10.280,5.425,10.233,5.472
5.362,20.876,1000,1000,1000,1000
15.975,8.696,15.982,8.721,1000,1000
9.123,8.540,1000,1000,1000,1000
11.613,11.152,11.582,11.115,11.621,11.160
20.655,11.633,20.570,11.718,20.653,11.709
28.877,11.094,1000,1000,1000,1000
10.748,5.581,1000,1000,1000,1000
3.352,8.754,1000,1000,1000,1000
19.599,14.265,1000,1000,1000,1000
13.137,13.911,13.135,13.909,13.098,13.902
10.022,19.321,10.050,19.299,1000,1000
7.150,7.149,1000,1000,1000,1000
14.485,15.702,14.443,15.744,1000,1000
4.331,21.158,1000,1000,1000,1000
14.735,10.655,14.654,10.736,14.724,10.666
4.757,2.267,4.775,2.265,1000,1000
1.991,15.558,1000,1000,1000,1000
10.337,18.272,10.273,18.336,10.325,18.326
16.576,11.869,16.587,11.858,1000,1000
0.102,2.520,0.092,2.530,0.118,2.556
11.460,22.576,11.476,22.560,1000,1000
8.407,2.584,8.435,2.612,1000,1000
11.890,13.982,11.908,13.974,1000,1000
1.009,2.659,0.992,2.592,1000,1000
14.199,11.710,14.197,11.716,14.198,11.715
9.319,1.698,9.314,1.633,9.290,1.657
23.221,10.438,23.202,10.429,23.198,10.425
2.706,6.384,1000,1000,1000,1000
4.664,10.433,4.678,10.419,4.683,10.414
13.236,6.714,1000,1000,1000,1000
11.475,14.882,11.409,14.948,11.411,14.856
10.117,7.553,10.102,7.538,10.171,7.569
17.003,7.738,16.972,7.683,16.922,7.733
10.745,4.226,1000,1000,1000,1000
5.398,7.648,1000,1000,1000,1000
1.758,0.770,1.768,0.760,1.756,0.772
5.026,8.796,4.975,8.839,5.032,8.802
6.816,10.573,6.784,10.541,6.772,10.529
5.401,7.318,1000,1000,1000,1000
1.092,14.246,1.158,14.180,1000,1000
6.899,14.019,1000,1000,1000,1000
15.072,10.301,15.120,10.253,15.069,10.304
0.802,1.202,1000,1000,1000,1000
15.318,11.318,1000,1000,1000,1000
11.414,8.552,11.393,8.531,1000,1000
4.472,1.490,1000,1000,1000,1000
15.692,19.204,15.656,19.240,1000,1000
14.750,6.609,14.701,6.560,1000,1000
10.493,10.991,1000,1000,1000,1000
14.198,13.528,1000,1000,1000,1000
1.804,21.630,1.813,21.621,1000,1000
13.845,7.193,1000,1000,1000,1000
5.264,17.134,1000,1000,1000,1000
1.743,0.603,1000,1000,1000,1000
24.428,5.373,1000,1000,1000,1000
5.968,10.071,1000,1000,1000,1000
8.871,4.653,1000,1000,1000,1000
12.207,12.643,12.212,12.582,1000,1000
14.385,18.190,14.441,18.176,1000,1000
7.869,12.045,7.857,12.057,1000,1000
14.445,5.140,14.449,5.140,14.402,5.097
14.513,14.258,14.524,14.269,14.582,14.327
10.717,1.501,1000,1000,1000,1000
3.545,1.611,1000,1000,1000,1000
14.549,11.147,1000,1000,1000,1000
4.571,7.448,4.564,7.441,1000,1000
16.997,4.979,1000,1000,1000,1000
9.744,1.306,1000,1000,1000,1000
4.691,9.013,4.701,9.003,4.642,8.984
13.868,12.071,1000,1000,1000,1000
5.208,11.322,5.194,11.308,5.153,11.267
8.722,13.705,1000,1000,1000,1000
11.231,9.321,1000,1000,1000,1000
7.258,12.913,1000,1000,1000,1000
7.668,6.120,1000,1000,1000,1000
5.970,2.605,5.896,2.593,1000,1000
8.032,3.197,7.970,3.231,1000,1000
18.917,10.499,18.886,10.530,18.969,10.447
2.175,0.100,1000,1000,1000,1000
9.514,16.413,9.443,16.342,1000,1000
13.113,6.480,1000,1000,1000,1000
14.441,7.438,14.473,7.470,14.429,7.426
8.844,17.409,8.873,17.380,1000,1000
13.688,8.891,13.664,8.867,1000,1000
6.719,9.982,1000,1000,1000,1000
13.855,4.246,1000,1000,1000,1000
15.182,3.688,1000,1000,1000,1000
1.798,23.202,1.769,23.173,1000,1000
1.326,9.072,1.307,9.035,1.314,9.084
8.119,7.857,8.160,7.898,1000,1000
10.282,15.873,1000,1000,1000,1000
12.003,4.877,11.993,4.837,1000,1000
18.184,13.881,18.117,13.878,1000,1000
18.482,12.099,18.482,12.099,1000,1000
6.534,7.903,1000,1000,1000,1000
15.682,9.342,15.713,9.389,1000,1000
5.138,12.194,1000,1000,1000,1000
14.389,2.564,1000,1000,1000,1000
7.053,8.379,1000,1000,1000,1000
2.960,5.454,2.935,5.511,1000,1000
7.072,4.509,1000,1000,1000,1000
12.453,15.256,1000,1000,1000,1000
7.182,13.049,7.175,13.128,1000,1000
10.068,14.761,10.013,14.816,10.063,14.766
12.723,1.212,1000,1000,1000,1000
13.672,12.386,1000,1000,1000,1000
1.933,10.981,1.940,10.988,1000,1000
3.233,18.682,3.235,18.598,3.253,18.662
17.792,10.533,17.770,10.555,17.772,10.553
18.199,12.061,18.200,12.060,1000,1000
11.919,2.842,1000,1000,1000,1000
2.937,9.588,2.966,9.617,2.949,9.550
7.696,23.351,7.696,23.439,1000,1000
12.141,16.751,1000,1000,1000,1000
16.420,2.507,16.391,2.478,16.463,2.550
13.640,7.314,13.705,7.249,13.636,7.228
8.061,15.270,8.086,15.245,8.074,15.257
18.971,11.043,1000,1000,1000,1000
1.982,3.284,1000,1000,1000,1000
0.543,18.071,1000,1000,1000,1000
11.587,20.118,11.580,20.125,11.585,20.200
6.753,15.149,1000,1000,1000,1000
7.054,3.699,7.011,3.722,1000,1000
4.213,7.235,1000,1000,1000,1000
8.747,11.740,8.717,11.768,8.727,11.778
11.734,21.470,1000,1000,1000,1000
