5.434,2.976,5.466,3.040,5.455,2.997
5.029,9.898,4.990,9.859,4.967,9.910
8.924,15.846,1000,1000,1000,1000
11.302,20.218,1000,1000,1000,1000
2.817,17.948,2.861,17.928,2.830,17.897
7.476,2.700,7.545,2.631,1000,1000
1.572,16.930,1.583,16.941,1000,1000
12.262,21.645,12.256,21.701,1000,1000
5.738,16.110,5.724,16.124,5.753,16.095
6.812,2.665,6.757,2.610,1000,1000
0.758,3.374,0.750,3.382,0.762,3.370
5.816,11.481,5.844,11.509,1000,1000
6.795,9.444,6.802,9.437,6.784,9.455
14.005,20.022,13.913,20.028,1000,1000
21.147,5.950,21.128,5.969,21.180,6.003
4.580,22.224,4.637,22.253,4.629,22.273
8.399,13.006,8.375,12.984,1000,1000
11.556,11.370,11.487,11.439,11.516,11.428
9.152,13.839,9.168,13.917,1000,1000
11.075,4.389,11.018,4.332,11.001,4.315
8.396,20.477,1000,1000,1000,1000
12.485,18.087,12.427,18.069,1000,1000
24.260,11.750,24.259,11.737,1000,1000
23.386,4.605,23.357,4.634,1000,1000
6.991,9.583,6.947,9.539,1000,1000
9.680,6.626,1000,1000,1000,1000
3.061,15.675,1000,1000,1000,1000
12.465,9.677,12.444,9.656,1000,1000
3.379,14.636,3.299,14.716,3.387,14.706
11.441,13.902,1000,1000,1000,1000
15.717,1.753,1000,1000,1000,1000
3.781,18.006,1000,1000,1000,1000
7.841,24.305,1000,1000,1000,1000
13.217,7.000,13.193,6.976,1000,1000
7.013,6.465,6.963,6.415,1000,1000
16.280,10.332,16.335,10.277,16.304,10.308
8.379,11.419,8.327,11.367,1000,1000
11.718,12.442,11.716,12.440,11.702,12.426
14.708,11.960,14.682,11.962,1000,1000
10.066,19.769,10.053,19.756,1000,1000
2.823,10.309,1000,1000,1000,1000
9.942,15.067,9.904,15.021,1000,1000
3.328,14.978,3.317,15.051,1000,1000
16.473,2.942,16.470,2.939,1000,1000
6.912,15.781,6.936,15.805,6.864,15.733
17.746,3.564,17.799,3.557,1000,1000
14.183,12.768,1000,1000,1000,1000
8.276,2.724,1000,1000,1000,1000
2.493,4.155,2.464,4.208,1000,1000
6.858,23.327,6.882,23.351,6.832,23.301
2.833,9.235,2.841,9.227,2.821,9.247
12.172,3.317,12.247,3.242,12.219,3.270
7.559,6.232,7.597,6.244,1000,1000
9.019,12.796,1000,1000,1000,1000
14.591,13.805,14.610,13.824,14.614,13.872
13.640,21.407,13.662,21.359,1000,1000
7.573,13.049,7.600,13.108,7.605,13.081
13.238,3.265,1000,1000,1000,1000
7.160,24.691,1000,1000,1000,1000
6.696,11.355,6.759,11.292,1000,1000
2.421,17.405,2.425,17.441,1000,1000
4.002,19.155,4.096,19.249,4.040,19.193
6.052,8.328,6.016,8.354,6.067,8.303
3.560,4.011,3.546,3.997,1000,1000
11.494,20.451,1000,1000,1000,1000
11.337,1.370,11.329,1.358,1000,1000
3.896,4.573,3.921,4.622,3.895,4.574
4.479,0.809,4.419,0.749,4.444,0.752
14.817,17.549,14.823,17.571,1000,1000
6.121,7.104,6.132,7.051,1000,1000
15.522,7.665,1000,1000,1000,1000
6.718,8.438,1000,1000,1000,1000
18.759,8.313,18.731,8.285,1000,1000
4.678,18.535,4.637,18.538,1000,1000
0.085,19.254,1000,1000,1000,1000
11.166,0.096,1000,1000,1000,1000
6.473,14.300,1000,1000,1000,1000
9.593,8.204,9.572,8.225,1000,1000
3.980,6.548,3.956,6.572,3.943,6.585
2.604,10.222,2.562,10.232,1000,1000
16.112,18.033,1000,1000,1000,1000
25.142,4.740,1000,1000,1000,1000
10.932,11.959,10.878,12.013,10.840,11.955
16.674,14.843,1000,1000,1000,1000
8.753,14.896,1000,1000,1000,1000
6.286,6.342,6.286,6.332,6.295,6.351
8.496,9.901,8.549,9.954,8.549,9.954
2.845,10.265,1000,1000,1000,1000
15.235,5.534,1000,1000,1000,1000
8.736,8.742,8.751,8.779,8.703,8.775
30.447,10.122,30.418,10.151,30.397,10.074
10.593,18.890,10.531,18.866,10.531,18.828
16.264,4.993,16.212,4.941,16.196,5.009
20.282,13.651,20.280,13.635,1000,1000
16.240,4.103,1000,1000,1000,1000
3.144,20.590,3.216,20.582,1000,1000
18.980,14.961,18.943,14.998,1000,1000
3.648,14.275,3.639,14.266,1000,1000
6.064,13.190,1000,1000,1000,1000
11.171,3.087,11.182,3.104,11.210,3.076
15.697,10.734,1000,1000,1000,1000
15.414,7.162,15.416,7.164,15.411,7.079
13.383,13.855,13.341,13.857,1000,1000
1.797,11.026,1.774,11.049,1.817,11.076
16.916,14.943,1000,1000,1000,1000
13.974,6.412,13.997,6.389,14.042,6.398
6.025,13.109,6.008,13.092,5.971,13.129
0.413,2.099,1000,1000,1000,1000
7.164,18.150,7.223,18.209,1000,1000
11.067,7.947,11.114,7.910,1000,1000
2.358,12.261,2.348,12.235,1000,1000
7.559,0.540,7.567,0.610,1000,1000
16.163,17.523,16.175,17.529,1000,1000
11.051,19.977,1000,1000,1000,1000
11.368,14.037,1000,1000,1000,1000
12.795,9.331,12.765,9.301,1000,1000
1.856,1.890,1.914,1.948,1.933,1.873
6.896,13.173,6.974,13.177,1000,1000
3.158,13.772,1000,1000,1000,1000
12.610,9.971,12.642,9.931,12.595,9.956
5.985,22.501,5.975,22.491,1000,1000
15.375,9.017,15.341,9.047,15.393,9.035
9.010,12.870,8.988,12.892,9.057,12.823
12.118,12.810,12.124,12.788,12.106,12.806
1.697,11.291,1.719,11.269,1.783,11.205
12.885,8.863,12.810,8.938,12.872,8.876
12.505,14.107,1000,1000,1000,1000
6.834,1.713,6.870,1.677,1000,1000
6.721,13.467,6.722,13.466,1000,1000
2.977,17.269,2.921,17.213,2.888,17.276
12.399,8.113,12.409,8.083,12.411,8.101
9.050,7.862,1000,1000,1000,1000
4.953,4.621,1000,1000,1000,1000
2.141,8.749,2.217,8.825,1000,1000
9.492,14.440,9.499,14.447,9.479,14.417
5.812,5.379,5.820,5.323,1000,1000
5.934,8.318,5.913,8.323,1000,1000
5.732,16.990,5.810,17.068,1000,1000
13.758,16.577,13.819,16.516,1000,1000
15.877,12.858,15.847,12.828,1000,1000
22.013,3.278,22.008,3.331,1000,1000
17.673,13.306,17.682,13.271,1000,1000
10.428,11.455,10.375,11.402,1000,1000
4.646,4.959,4.692,4.913,4.660,4.963
3.153,13.725,3.107,13.771,1000,1000
8.378,4.496,1000,1000,1000,1000
9.818,14.825,1000,1000,1000,1000
4.343,3.566,4.358,3.581,4.359,3.582
4.394,0.674,4.340,0.688,1000,1000
13.610,17.287,13.630,17.261,1000,1000
13.217,6.047,13.204,5.964,13.162,5.992
9.639,3.447,1000,1000,1000,1000
16.347,22.587,16.349,22.589,1000,1000
16.440,11.106,16.446,11.156,16.446,11.156
12.794,19.212,1000,1000,1000,1000
1.391,7.897,1.425,7.963,1.408,7.946
8.507,6.361,8.510,6.380,8.542,6.412
19.344,8.708,1000,1000,1000,1000
5.187,2.569,1000,1000,1000,1000
2.386,1.416,1000,1000,1000,1000
2.335,8.174,2.360,8.181,1000,1000
11.000,11.973,1000,1000,1000,1000
6.015,11.958,6.041,12.028,5.978,11.995
12.397,16.825,12.386,16.814,12.463,16.817
1.043,4.759,0.992,4.808,1.033,4.767
8.766,6.572,1000,1000,1000,1000
14.227,1.844,1000,1000,1000,1000
17.538,11.806,17.528,11.724,1000,1000
14.629,6.295,14.611,6.233,1000,1000
15.559,18.385,1000,1000,1000,1000
23.647,8.952,23.651,8.948,1000,1000
1.397,10.294,1.431,10.328,1000,1000
16.706,4.803,16.671,4.768,1000,1000
8.758,10.969,8.735,10.946,1000,1000
10.618,19.031,1000,1000,1000,1000
13.063,9.491,13.099,9.457,13.074,9.502
0.974,34.489,0.946,34.427,1000,1000
7.734,3.349,7.738,3.345,7.718,3.365
13.555,8.184,13.506,8.159,1000,1000
7.433,15.360,1000,1000,1000,1000
9.319,3.637,1000,1000,1000,1000
13.948,0.442,1000,1000,1000,1000
14.921,13.311,14.915,13.317,14.899,13.323
10.937,10.592,10.905,10.550,10.924,10.579
3.626,4.657,1000,1000,1000,1000
11.590,6.211,11.524,6.277,1000,1000
6.395,7.867,6.363,7.823,6.356,7.828
15.122,5.263,15.099,5.298,15.121,5.320
2.052,8.306,1.989,8.331,1000,1000
15.493,11.388,15.496,11.385,15.540,11.341
8.283,16.094,8.267,16.060,8.253,16.124
9.366,13.386,9.355,13.375,9.353,13.411
14.595,15.364,1000,1000,1000,1000
10.575,14.839,10.608,14.806,10.588,14.770
4.513,2.439,1000,1000,1000,1000
4.065,5.147,4.048,5.164,4.057,5.149
5.052,4.892,5.053,4.921,5.097,4.937
19.084,16.758,19.028,16.814,1000,1000
16.911,10.184,16.887,10.136,16.950,10.199
10.142,7.907,1000,1000,1000,1000
1.804,2.783,1.833,2.850,1.820,2.837
8.432,4.721,8.415,4.664,8.432,4.647
9.054,4.731,9.033,4.752,1000,1000
11.727,12.841,11.725,12.839,1000,1000
1.793,13.066,1.880,13.153,1000,1000
26.314,4.803,1000,1000,1000,1000
17.380,10.649,17.343,10.612,17.347,10.596
17.612,3.180,17.625,3.141,17.629,3.137
3.227,10.582,3.147,10.570,3.150,10.567
14.596,8.076,14.568,8.104,14.535,8.071
19.978,10.942,20.032,10.954,20.002,10.918
18.854,11.104,18.861,11.071,18.871,11.087
3.377,11.926,3.368,11.965,3.386,11.947
14.790,19.929,14.781,19.920,1000,1000
3.563,18.039,1000,1000,1000,1000
0.946,12.734,1.015,12.803,1000,1000
11.372,6.015,11.326,6.011,1000,1000
15.853,19.318,15.861,19.234,15.906,19.265
15.243,13.686,15.176,13.753,1000,1000
0.392,10.582,0.377,10.609,0.411,10.601
7.118,11.282,7.151,11.315,7.197,11.361
19.784,12.842,1000,1000,1000,1000
20.340,7.980,20.392,8.032,20.429,8.069
0.435,9.748,0.435,9.706,0.388,9.753
2.723,9.785,1000,1000,1000,1000
18.799,14.754,18.823,14.718,1000,1000
18.196,0.705,18.194,0.703,1000,1000
16.974,0.054,1000,1000,1000,1000
18.247,14.356,18.215,14.324,18.215,14.324
18.250,1.037,18.231,1.056,18.309,1.050
13.673,9.431,13.689,9.447,13.672,9.424
1.717,14.462,1.702,14.477,1.752,14.443
13.695,11.267,13.686,11.260,1000,1000
8.529,20.690,8.538,20.699,8.485,20.646
4.373,21.985,4.365,21.977,4.325,21.961
22.200,17.415,22.247,17.368,1000,1000
16.520,11.215,16.531,11.226,16.541,11.204
6.727,9.758,6.794,9.741,6.722,9.669
10.929,14.473,10.879,14.425,10.856,14.400
5.028,3.117,1000,1000,1000,1000
15.643,7.768,15.708,7.735,15.641,7.766
9.897,18.652,9.981,18.652,1000,1000
6.388,9.752,6.383,9.747,1000,1000
11.037,7.434,1000,1000,1000,1000
4.996,1.903,4.949,1.950,5.021,1.960
7.424,13.459,1000,1000,1000,1000
11.282,13.912,1000,1000,1000,1000
1.625,3.791,1.623,3.835,1000,1000
15.716,9.331,15.769,9.278,15.776,9.299
25.897,12.621,1000,1000,1000,1000
0.513,0.887,1000,1000,1000,1000
13.226,0.509,13.263,0.452,1000,1000
3.383,1.665,1000,1000,1000,1000
3.123,11.031,1000,1000,1000,1000
16.631,8.225,1000,1000,1000,1000
17.696,0.763,17.705,0.772,1000,1000
12.984,11.548,12.960,11.548,1000,1000
6.571,7.148,1000,1000,1000,1000
12.131,11.078,12.148,11.061,1000,1000
14.207,8.053,14.188,8.072,14.148,8.112
5.727,7.531,5.702,7.486,1000,1000
6.728,14.392,1000,1000,1000,1000
6.010,5.644,6.063,5.591,1000,1000
9.349,8.162,1000,1000,1000,1000
4.155,11.326,4.190,11.361,4.144,11.315
13.234,15.416,13.218,15.378,1000,1000
1.664,17.831,1.638,17.845,1000,1000
0.425,10.075,0.447,10.053,0.486,10.052
6.603,2.153,1000,1000,1000,1000
5.901,0.491,5.922,0.486,1000,1000
7.592,5.821,7.639,5.770,7.569,5.798
17.184,5.785,1000,1000,1000,1000
6.421,2.503,6.463,2.521,6.452,2.532
11.563,8.490,11.577,8.476,11.543,8.462
0.302,11.544,0.386,11.546,1000,1000
6.279,4.749,6.274,4.750,1000,1000
18.956,16.779,1000,1000,1000,1000
12.671,11.667,12.640,11.698,1000,1000
13.627,8.198,13.557,8.220,1000,1000
1.632,9.288,1000,1000,1000,1000
8.141,12.309,8.212,12.290,1000,1000
1.325,19.526,1000,1000,1000,1000
5.979,2.499,5.962,2.516,1000,1000
19.454,7.054,1000,1000,1000,1000
13.957,10.220,13.948,10.229,13.983,10.194
5.825,13.697,5.779,13.651,1000,1000
7.896,1.273,7.932,1.291,7.925,1.302
3.562,0.473,3.580,0.449,3.614,0.421
12.846,10.239,12.886,10.199,12.889,10.254
11.840,12.915,1000,1000,1000,1000
13.286,10.696,13.293,10.735,13.355,10.673
11.485,8.223,1000,1000,1000,1000
5.337,19.709,5.338,19.708,5.320,19.726
9.842,13.414,9.936,13.508,9.896,13.468
8.958,6.220,8.916,6.262,1000,1000
4.432,17.562,4.396,17.526,4.391,17.597
1.496,2.449,1000,1000,1000,1000
6.126,8.329,6.101,8.326,1000,1000
1.989,13.900,1.939,13.850,1000,1000
8.029,11.725,1000,1000,1000,1000
9.297,9.602,9.256,9.643,9.314,9.585
8.607,0.209,8.598,0.200,8.565,0.167
8.993,5.229,1000,1000,1000,1000
9.907,12.489,9.846,12.484,1000,1000
13.408,4.631,13.470,4.693,1000,1000
19.734,9.783,19.778,9.739,1000,1000
9.544,11.373,9.478,11.361,9.467,11.372
7.868,0.291,7.846,0.329,1000,1000
9.266,26.360,9.313,26.339,1000,1000
14.842,17.130,14.873,17.111,1000,1000
0.619,20.828,0.658,20.867,0.628,20.837
10.699,11.527,10.766,11.498,1000,1000
10.346,13.160,1000,1000,1000,1000
26.476,9.925,1000,1000,1000,1000
6.291,7.925,1000,1000,1000,1000
7.139,8.114,1000,1000,1000,1000
10.148,7.259,10.084,7.323,10.146,7.261
12.512,7.106,12.560,7.154,1000,1000
6.447,7.012,6.447,7.014,6.474,7.039
5.194,15.386,1000,1000,1000,1000
8.586,3.471,8.546,3.465,1000,1000
8.626,2.290,8.553,2.315,1000,1000
2.129,5.421,2.075,5.449,2.101,5.449
3.175,15.389,3.101,15.463,1000,1000
3.911,12.403,1000,1000,1000,1000
12.270,6.701,1000,1000,1000,1000
11.734,6.662,1000,1000,1000,1000
13.667,10.753,1000,1000,1000,1000
12.872,11.616,12.901,11.645,12.839,11.609
13.864,17.704,13.868,17.700,13.852,17.692
16.056,3.043,1000,1000,1000,1000
4.963,15.748,4.979,15.800,1000,1000
14.747,7.551,14.767,7.563,1000,1000
5.724,15.278,5.784,15.246,5.780,15.334
12.594,5.251,12.540,5.305,1000,1000
8.039,2.553,1000,1000,1000,1000
14.023,14.662,13.995,14.634,1000,1000
10.957,12.183,1000,1000,1000,1000
7.017,1.136,7.015,1.134,7.042,1.161
9.818,18.177,1000,1000,1000,1000
3.910,6.089,3.841,6.076,1000,1000
13.582,4.244,13.622,4.284,1000,1000
1.669,8.131,1.622,8.152,1000,1000
17.739,21.554,1000,1000,1000,1000
17.962,5.236,18.023,5.199,17.993,5.267
16.371,16.115,16.294,16.192,16.290,16.196
15.346,12.931,15.295,12.944,15.348,12.933
0.695,4.767,0.723,4.795,1000,1000
10.075,6.537,10.089,6.523,1000,1000
2.720,14.283,2.731,14.294,2.727,14.290
0.893,9.254,1000,1000,1000,1000
10.105,13.304,10.053,13.328,10.116,13.391
15.170,13.552,1000,1000,1000,1000
-0.030,11.592,-0.024,11.670,-0.016,11.606
8.127,2.119,8.083,2.107,1000,1000
14.147,13.404,1000,1000,1000,1000
14.783,10.690,1000,1000,1000,1000
2.626,6.766,2.665,6.727,2.597,6.795
10.376,5.291,10.336,5.251,1000,1000
5.055,8.796,5.102,8.819,1000,1000
10.848,15.417,10.844,15.367,1000,1000
8.380,1.603,8.352,1.575,8.388,1.611
4.222,14.081,4.167,14.100,1000,1000
21.070,10.601,1000,1000,1000,1000
6.650,8.408,6.619,8.469,1000,1000
12.859,16.462,1000,1000,1000,1000
22.157,13.492,22.119,13.490,1000,1000
12.290,4.200,1000,1000,1000,1000
9.551,23.205,9.556,23.210,1000,1000
18.506,17.591,18.506,17.651,1000,1000
7.265,11.484,1000,1000,1000,1000
9.822,23.803,1000,1000,1000,1000
8.775,15.898,1000,1000,1000,1000
1.510,14.378,1.530,14.362,1000,1000
0.189,17.190,0.136,17.137,1000,1000
17.482,9.272,1000,1000,1000,1000
0.633,12.683,0.692,12.624,1000,1000
18.569,3.919,18.497,3.913,1000,1000
15.327,4.759,1000,1000,1000,1000
2.208,2.174,2.213,2.179,2.185,2.151
8.733,8.370,1000,1000,1000,1000
11.287,0.702,11.326,0.665,11.326,0.741
10.149,17.398,10.172,17.333,10.163,17.412
3.379,26.519,1000,1000,1000,1000
14.806,12.250,14.844,12.212,1000,1000
2.840,15.124,2.885,15.079,2.901,15.111
15.350,6.672,15.346,6.720,15.333,6.689
10.148,18.375,10.155,18.372,10.153,18.370
0.498,12.544,1000,1000,1000,1000
7.315,0.710,1000,1000,1000,1000
18.543,19.032,18.530,19.019,1000,1000
21.045,6.807,21.030,6.792,21.031,6.793
14.829,0.784,14.785,0.740,1000,1000
4.413,5.472,1000,1000,1000,1000
10.427,5.621,1000,1000,1000,1000
8.628,19.186,8.666,19.148,8.661,19.215
19.779,1.971,1000,1000,1000,1000
5.569,10.663,1000,1000,1000,1000
9.023,1.740,1000,1000,1000,1000
4.436,10.775,4.525,10.764,1000,1000
8.770,11.832,8.786,11.848,8.748,11.892
0.487,7.309,1000,1000,1000,1000
8.355,17.418,1000,1000,1000,1000
5.148,8.509,5.145,8.574,5.211,8.508
4.202,9.147,4.251,9.196,1000,1000
11.903,4.106,1000,1000,1000,1000
8.871,16.461,1000,1000,1000,1000
4.380,14.870,1000,1000,1000,1000
14.845,2.323,14.840,2.282,14.833,2.289
11.250,14.169,11.328,14.187,11.309,14.228
8.359,0.424,8.328,0.393,1000,1000
7.376,17.275,7.445,17.296,7.408,17.243
13.083,9.597,1000,1000,1000,1000
2.797,8.997,1000,1000,1000,1000
0.804,13.765,1000,1000,1000,1000
13.521,8.918,1000,1000,1000,1000
6.910,15.896,6.910,15.896,6.880,15.902
0.470,19.968,0.466,19.964,0.449,19.947
10.958,6.086,1000,1000,1000,1000
31.555,18.229,31.604,18.254,31.526,18.176
13.469,0.415,13.436,0.442,1000,1000
13.714,7.454,1000,1000,1000,1000
12.775,4.676,1000,1000,1000,1000
20.803,8.111,1000,1000,1000,1000
2.909,8.538,1000,1000,1000,1000
12.394,15.492,1000,1000,1000,1000
7.873,9.543,1000,1000,1000,1000
6.467,9.547,1000,1000,1000,1000
1.639,10.260,1000,1000,1000,1000
12.279,8.772,1000,1000,1000,1000
23.154,6.336,23.118,6.354,23.153,6.337
19.520,10.081,19.526,10.087,19.491,10.052
15.270,10.433,1000,1000,1000,1000
15.255,8.641,15.228,8.614,1000,1000
12.624,2.265,12.538,2.179,12.612,2.203
1.157,9.654,1.187,9.624,1000,1000
2.596,10.164,2.606,10.124,2.657,10.103
2.785,17.121,2.712,17.094,1000,1000
6.427,9.262,6.425,9.206,1000,1000
8.158,9.195,8.155,9.164,8.179,9.174
19.271,28.726,19.295,28.702,19.287,28.710
12.071,7.634,1000,1000,1000,1000
9.832,18.198,1000,1000,1000,1000
3.001,2.641,3.029,2.585,1000,1000
4.772,13.339,1000,1000,1000,1000
8.147,5.546,8.174,5.573,8.189,5.526
2.950,4.809,1000,1000,1000,1000
4.119,9.052,1000,1000,1000,1000
17.324,9.036,1000,1000,1000,1000
16.108,5.305,16.113,5.218,1000,1000
3.988,15.697,3.973,15.626,3.924,15.633
10.094,3.652,10.098,3.714,10.099,3.713
3.408,12.846,1000,1000,1000,1000
9.401,8.409,9.405,8.413,1000,1000
9.752,6.992,9.762,7.002,1000,1000
12.529,19.706,12.534,19.705,12.548,19.719
5.553,7.817,5.580,7.750,5.584,7.786
4.574,12.678,1000,1000,1000,1000
18.183,3.109,1000,1000,1000,1000
7.608,6.923,7.674,6.947,7.648,6.963
2.996,0.939,2.977,0.970,3.028,0.971
10.156,11.707,10.175,11.726,1000,1000
15.309,6.428,15.244,6.363,1000,1000
7.712,8.594,7.780,8.662,7.705,8.681
16.047,0.388,16.000,0.341,1000,1000
9.973,6.082,1000,1000,1000,1000
11.344,16.169,11.390,16.193,11.390,16.193
0.045,12.813,0.064,12.794,0.064,12.794
11.630,13.688,11.657,13.715,1000,1000
20.288,6.237,20.330,6.195,1000,1000
14.893,9.237,14.896,9.240,1000,1000
9.990,3.599,10.030,3.551,9.969,3.578
16.063,2.274,1000,1000,1000,1000
17.579,14.307,17.580,14.308,17.657,14.385
8.971,8.515,8.946,8.532,8.944,8.530
5.454,7.420,1000,1000,1000,1000
3.162,7.209,1000,1000,1000,1000
5.694,11.321,5.637,11.308,5.638,11.265
9.073,7.973,9.045,8.013,1000,1000
14.899,2.174,14.829,2.162,14.870,2.121
7.392,4.888,1000,1000,1000,1000
0.203,12.602,0.251,12.650,1000,1000
5.878,9.840,1000,1000,1000,1000
10.535,18.663,10.590,18.718,1000,1000
4.537,9.030,1000,1000,1000,1000
11.133,8.842,1000,1000,1000,1000
7.089,13.074,1000,1000,1000,1000
6.321,10.742,6.272,10.701,1000,1000
12.387,16.724,1000,1000,1000,1000
7.508,2.077,7.501,2.156,7.592,2.065
9.502,6.304,9.510,6.296,1000,1000
9.408,10.660,9.383,10.635,9.382,10.634
13.941,19.229,13.914,19.202,13.975,19.263
16.781,19.575,1000,1000,1000,1000
19.008,3.863,1000,1000,1000,1000
18.883,14.714,1000,1000,1000,1000
0.285,5.537,1000,1000,1000,1000
14.434,7.841,14.407,7.814,1000,1000
11.661,4.635,11.644,4.652,11.625,4.671
6.923,10.706,6.939,10.722,6.911,10.694
