7.168,19.706,7.187,19.687,1000,1000
12.013,7.233,1000,1000,1000,1000
5.227,6.908,5.195,6.928,5.213,6.894
7.848,16.222,1000,1000,1000,1000
10.752,11.508,10.802,11.500,10.738,11.564
7.428,7.296,7.420,7.288,1000,1000
14.159,13.183,14.206,13.170,1000,1000
15.016,3.065,1000,1000,1000,1000
2.761,14.547,2.789,14.519,2.814,14.550
16.619,3.281,16.626,3.240,1000,1000
17.098,15.438,17.040,15.396,17.015,15.421
3.906,11.470,3.914,11.478,1000,1000
12.183,12.517,1000,1000,1000,1000
18.389,4.923,1000,1000,1000,1000
21.826,12.117,21.839,12.138,21.817,12.108
5.855,18.991,1000,1000,1000,1000
12.634,9.211,12.697,9.148,12.697,9.148
5.131,2.598,1000,1000,1000,1000
1.468,8.412,1.446,8.372,1000,1000
2.293,7.587,1000,1000,1000,1000
10.172,8.155,10.090,8.237,10.132,8.193
9.404,8.641,1000,1000,1000,1000
4.411,17.379,4.410,17.378,1000,1000
13.564,3.716,13.574,3.686,13.549,3.661
6.559,13.380,6.564,13.355,6.566,13.353
7.811,24.465,7.793,24.385,1000,1000
6.635,24.354,1000,1000,1000,1000
3.484,15.120,3.512,15.092,1000,1000
4.982,16.169,4.990,16.161,1000,1000
12.933,11.709,12.891,11.733,1000,1000
4.423,9.867,1000,1000,1000,1000
6.542,5.527,6.535,5.488,1000,1000
14.903,13.055,1000,1000,1000,1000
1.810,15.212,1000,1000,1000,1000
10.970,13.631,11.037,13.698,1000,1000
18.848,6.289,18.827,6.310,18.915,6.222
18.568,1.554,18.550,1.536,18.560,1.546
4.393,5.677,4.382,5.718,4.326,5.744
5.944,4.944,1000,1000,1000,1000
4.128,8.762,1000,1000,1000,1000
9.279,6.098,9.250,6.061,1000,1000
7.385,8.575,7.418,8.542,7.465,8.593
13.846,11.006,13.907,11.017,1000,1000
14.010,18.390,1000,1000,1000,1000
17.497,7.286,17.470,7.283,17.451,7.264
15.278,9.478,15.286,9.466,15.321,9.501
16.900,0.840,1000,1000,1000,1000
1.266,18.008,1.250,18.060,1000,1000
13.428,21.116,13.428,21.040,1000,1000
14.155,9.552,1000,1000,1000,1000
9.301,11.013,9.267,10.965,9.283,11.031
16.453,14.467,1000,1000,1000,1000
6.022,6.726,6.103,6.645,1000,1000
14.749,7.361,14.792,7.404,14.835,7.349
18.211,9.200,1000,1000,1000,1000
7.868,7.459,7.849,7.464,1000,1000
4.805,8.000,1000,1000,1000,1000
12.130,17.656,1000,1000,1000,1000
3.049,5.608,3.035,5.582,1000,1000
11.231,15.607,11.222,15.546,1000,1000
5.843,5.628,1000,1000,1000,1000
4.688,7.943,1000,1000,1000,1000
12.938,7.743,1000,1000,1000,1000
16.841,14.527,16.827,14.523,16.871,14.557
19.620,2.674,19.630,2.690,1000,1000
15.227,8.994,15.153,8.920,15.195,8.962
9.771,17.022,9.766,17.019,9.743,16.994
10.681,17.319,10.618,17.382,10.645,17.355
2.674,11.132,2.645,11.105,1000,1000
4.296,10.940,1000,1000,1000,1000
12.001,1.664,1000,1000,1000,1000
11.796,5.496,1000,1000,1000,1000
8.838,1.729,8.856,1.749,1000,1000
13.309,12.744,13.257,12.796,13.280,12.773
18.713,8.332,18.705,8.340,18.742,8.303
3.448,8.681,3.406,8.697,3.455,8.648
26.007,14.465,26.002,14.470,1000,1000
7.821,1.738,7.851,1.768,1000,1000
4.756,11.834,1000,1000,1000,1000
10.801,19.645,1000,1000,1000,1000
19.315,2.131,19.333,2.113,1000,1000
22.657,3.536,1000,1000,1000,1000
14.340,7.608,1000,1000,1000,1000
1.594,7.434,1.657,7.469,1000,1000
7.238,1.218,7.297,1.225,1000,1000
10.797,2.067,1000,1000,1000,1000
17.744,13.714,1000,1000,1000,1000
4.999,9.529,4.940,9.502,1000,1000
10.361,17.745,10.325,17.781,10.270,17.836
0.118,14.113,0.151,14.074,1000,1000
2.429,13.928,2.369,13.902,1000,1000
18.700,12.835,1000,1000,1000,1000
10.828,1.753,10.799,1.782,1000,1000
9.320,1.724,9.303,1.787,9.315,1.799
8.390,9.277,8.447,9.252,1000,1000
18.279,20.487,18.255,20.463,18.295,20.503
12.175,0.801,1000,1000,1000,1000
3.807,21.348,3.770,21.395,3.802,21.363
15.461,10.960,15.494,10.993,15.425,10.996
0.918,3.732,0.952,3.698,0.949,3.771
7.298,11.498,1000,1000,1000,1000
6.228,10.957,1000,1000,1000,1000
9.280,10.621,1000,1000,1000,1000
22.150,1.666,22.130,1.618,1000,1000
9.988,2.313,1000,1000,1000,1000
3.239,13.726,1000,1000,1000,1000
4.590,1.875,4.600,1.881,1000,1000
23.215,9.295,23.264,9.310,23.203,9.249
15.326,10.226,15.257,10.157,15.338,10.238
11.324,7.522,11.320,7.564,11.303,7.581
15.279,13.217,1000,1000,1000,1000
15.936,19.344,15.951,19.329,15.965,19.307
11.183,9.438,11.145,9.424,11.195,9.426
4.254,7.877,1000,1000,1000,1000
5.035,12.363,4.992,12.320,5.045,12.273
14.669,14.663,14.721,14.715,1000,1000
14.837,3.019,1000,1000,1000,1000
8.310,6.137,8.327,6.122,1000,1000
8.020,15.279,1000,1000,1000,1000
3.927,10.671,1000,1000,1000,1000
8.334,5.399,8.325,5.390,8.322,5.387
8.598,11.142,1000,1000,1000,1000
16.056,11.739,16.030,11.713,16.021,11.704
9.874,1.481,9.863,1.556,1000,1000
2.788,6.074,2.820,6.032,1000,1000
19.956,7.353,19.940,7.319,1000,1000
2.534,15.782,2.608,15.708,1000,1000
1.641,0.743,1.571,0.813,1.612,0.772
5.833,0.382,1000,1000,1000,1000
10.672,1.842,1000,1000,1000,1000
15.450,6.253,15.449,6.190,1000,1000
6.225,14.265,6.192,14.296,1000,1000
26.486,23.161,26.530,23.149,1000,1000
6.446,10.042,6.512,10.060,6.498,10.046
18.204,12.590,18.262,12.532,18.287,12.581
11.505,10.071,11.519,10.069,11.526,10.076
10.335,4.323,10.294,4.364,10.250,4.320
11.710,14.728,11.734,14.704,1000,1000
20.419,7.549,20.382,7.586,20.391,7.577
6.614,12.674,1000,1000,1000,1000
2.132,2.500,2.108,2.526,2.110,2.478
2.886,7.916,1000,1000,1000,1000
16.286,11.461,16.287,11.446,16.253,11.412
4.192,8.524,4.126,8.544,4.164,8.496
3.306,8.818,1000,1000,1000,1000
11.453,9.781,1000,1000,1000,1000
11.302,16.592,11.335,16.537,1000,1000
3.631,10.066,1000,1000,1000,1000
11.837,8.788,11.868,8.819,1000,1000
9.224,9.312,9.283,9.287,1000,1000
3.471,19.112,3.439,19.144,1000,1000
13.461,12.581,1000,1000,1000,1000
11.418,9.423,11.420,9.431,1000,1000
15.687,13.512,1000,1000,1000,1000
9.165,8.340,1000,1000,1000,1000
13.800,2.771,1000,1000,1000,1000
13.068,11.663,1000,1000,1000,1000
18.175,15.015,18.261,15.019,18.211,15.069
8.456,0.429,1000,1000,1000,1000
19.019,2.811,18.953,2.801,18.983,2.831
16.569,18.953,16.552,18.982,1000,1000
14.739,2.478,14.722,2.495,14.697,2.520
6.269,13.452,6.233,13.488,1000,1000
17.424,17.688,17.459,17.721,17.441,17.671
7.091,12.695,7.029,12.757,1000,1000
14.772,9.589,14.801,9.620,1000,1000
2.997,4.234,3.007,4.244,2.952,4.189
21.507,17.678,21.439,17.746,21.494,17.691
12.314,6.552,12.281,6.585,1000,1000
3.455,3.722,3.462,3.715,3.436,3.741
30.518,17.515,30.502,17.499,1000,1000
5.038,8.044,1000,1000,1000,1000
15.076,14.320,15.069,14.327,15.093,14.317
1.279,9.718,1000,1000,1000,1000
10.234,8.006,10.283,8.055,1000,1000
8.368,4.312,8.359,4.303,1000,1000
5.040,14.135,5.011,14.170,5.029,14.146
14.331,10.653,14.308,10.582,1000,1000
9.881,16.405,1000,1000,1000,1000
7.380,20.983,1000,1000,1000,1000
13.988,20.615,14.043,20.610,14.056,20.623
10.232,19.464,10.190,19.506,10.253,19.533
11.186,13.317,1000,1000,1000,1000
6.439,17.941,6.514,17.866,1000,1000
6.435,10.255,6.475,10.215,6.388,10.302
22.569,18.527,1000,1000,1000,1000
11.576,14.604,11.573,14.607,11.591,14.589
6.601,12.835,6.624,12.812,1000,1000
2.180,2.855,2.131,2.828,1000,1000
5.590,29.480,5.618,29.452,1000,1000
7.908,9.666,7.920,9.654,1000,1000
6.573,19.107,6.635,19.045,1000,1000
5.191,3.347,5.231,3.307,5.232,3.306
12.911,8.674,12.913,8.716,12.883,8.686
10.126,11.475,10.057,11.474,1000,1000
15.503,14.328,15.491,14.340,1000,1000
4.393,4.003,1000,1000,1000,1000
7.733,14.265,1000,1000,1000,1000
12.085,5.419,12.041,5.375,12.081,5.415
5.051,13.746,5.078,13.719,5.056,13.741
3.674,4.669,1000,1000,1000,1000
16.112,12.049,16.194,12.039,16.162,12.071
16.640,12.793,1000,1000,1000,1000
2.261,20.018,2.296,19.985,1000,1000
0.191,11.696,0.195,11.732,1000,1000
12.741,17.201,12.752,17.212,12.718,17.162
19.230,13.298,19.202,13.326,1000,1000
7.783,19.818,7.740,19.775,1000,1000
11.208,4.960,1000,1000,1000,1000
3.303,16.022,3.340,16.059,1000,1000
10.333,10.518,10.351,10.536,1000,1000
5.903,16.679,5.887,16.695,5.910,16.658
9.509,6.821,9.524,6.836,9.605,6.917
11.146,14.887,11.187,14.928,1000,1000
5.975,9.475,1000,1000,1000,1000
13.482,1.336,13.509,1.309,1000,1000
10.516,1.060,10.492,1.084,10.551,1.089
9.832,6.368,9.776,6.424,1000,1000
18.403,1.430,18.422,1.411,18.426,1.479
2.716,2.770,1000,1000,1000,1000
5.296,12.737,5.252,12.749,1000,1000
12.247,3.627,12.226,3.606,12.304,3.684
15.312,2.769,1000,1000,1000,1000
10.483,2.137,1000,1000,1000,1000
11.165,10.575,11.133,10.543,1000,1000
11.822,16.255,11.764,16.287,1000,1000
11.165,2.632,1000,1000,1000,1000
10.397,13.936,10.368,13.913,1000,1000
11.214,5.198,11.282,5.192,11.256,5.156
4.937,17.046,4.933,17.042,1000,1000
1.112,9.634,1000,1000,1000,1000
1.244,32.034,1000,1000,1000,1000
9.295,10.633,1000,1000,1000,1000
7.551,12.945,1000,1000,1000,1000
11.265,14.020,11.207,13.962,1000,1000
9.936,13.995,10.023,14.000,9.959,14.064
8.707,12.514,1000,1000,1000,1000
11.212,10.185,11.235,10.174,1000,1000
14.885,7.391,14.913,7.343,1000,1000
13.007,4.856,1000,1000,1000,1000
10.343,13.013,10.366,13.036,10.395,12.973
11.801,5.723,11.834,5.756,11.809,5.731
16.124,16.180,16.138,16.250,1000,1000
9.109,5.496,9.151,5.524,9.125,5.480
13.389,12.294,1000,1000,1000,1000
7.813,11.253,7.796,11.270,7.823,11.241
11.993,4.023,1000,1000,1000,1000
4.322,13.820,4.322,13.820,1000,1000
5.101,3.579,1000,1000,1000,1000
13.316,6.458,13.389,6.463,1000,1000
8.086,4.348,8.114,4.420,1000,1000
14.015,10.770,14.009,10.830,14.090,10.749
11.868,10.899,1000,1000,1000,1000
1.980,13.427,1.906,13.431,1.978,13.503
1.575,10.601,1.571,10.597,1.600,10.618
13.734,7.852,13.725,7.861,13.676,7.834
18.159,6.134,18.121,6.170,1000,1000
13.470,0.144,1000,1000,1000,1000
8.390,4.929,8.370,4.909,1000,1000
8.490,7.293,8.422,7.309,8.437,7.294
13.815,12.689,1000,1000,1000,1000
6.092,3.618,6.137,3.615,6.138,3.616
12.323,8.746,1000,1000,1000,1000
20.370,9.774,1000,1000,1000,1000
9.456,3.877,9.457,3.876,9.441,3.892
14.726,4.840,14.778,4.840,14.764,4.878
5.706,5.031,1000,1000,1000,1000
14.167,7.923,14.210,7.962,1000,1000
14.442,14.871,14.394,14.867,14.439,14.912
13.482,12.668,13.480,12.666,1000,1000
5.617,13.203,5.586,13.170,5.608,13.212
15.569,12.349,15.608,12.356,15.585,12.365
13.133,2.468,1000,1000,1000,1000
2.334,11.948,1000,1000,1000,1000
13.480,14.462,13.461,14.443,13.427,14.409
19.568,8.260,19.544,8.284,19.497,8.331
11.754,12.127,1000,1000,1000,1000
8.051,8.254,8.078,8.253,1000,1000
14.493,16.001,1000,1000,1000,1000
8.747,9.875,8.778,9.900,1000,1000
2.307,15.432,2.312,15.433,2.327,15.412
4.226,5.523,1000,1000,1000,1000
10.407,9.277,1000,1000,1000,1000
5.471,4.437,5.497,4.411,1000,1000
4.156,3.390,4.150,3.384,4.137,3.327
9.548,2.949,9.606,2.891,9.533,2.872
5.480,24.423,5.563,24.506,5.543,24.452
9.050,7.484,1000,1000,1000,1000
3.265,11.849,1000,1000,1000,1000
8.646,15.063,1000,1000,1000,1000
4.516,3.696,4.567,3.677,1000,1000
18.799,8.008,1000,1000,1000,1000
14.605,11.993,1000,1000,1000,1000
6.206,3.086,6.201,3.091,6.269,3.023
4.192,19.158,4.247,19.103,1000,1000
11.364,15.437,1000,1000,1000,1000
5.472,13.132,5.468,13.056,5.461,13.143
10.096,11.364,10.120,11.332,1000,1000
10.939,7.870,10.955,7.884,1000,1000
13.157,12.412,1000,1000,1000,1000
17.323,14.764,1000,1000,1000,1000
12.054,3.889,12.036,3.963,12.111,3.888
2.568,7.643,2.562,7.649,1000,1000
3.994,11.653,4.011,11.636,1000,1000
5.984,2.286,5.939,2.335,1000,1000
16.038,20.481,15.951,20.484,16.016,20.503
6.151,7.207,6.120,7.190,6.172,7.242
16.589,13.614,16.631,13.572,16.579,13.624
11.087,12.233,1000,1000,1000,1000
0.410,0.312,0.381,0.341,1000,1000
11.635,4.317,1000,1000,1000,1000
1.481,8.530,1.443,8.472,1000,1000
13.798,1.223,13.758,1.183,1000,1000
11.791,16.038,11.821,16.032,11.816,16.063
12.452,17.132,1000,1000,1000,1000
17.820,13.658,17.779,13.601,17.785,13.595
6.943,14.116,6.906,14.157,6.878,14.181
15.056,2.642,1000,1000,1000,1000
16.671,8.696,16.655,8.680,16.652,8.677
12.330,4.481,12.273,4.510,1000,1000
10.843,13.031,10.759,13.017,10.764,12.952
14.393,7.727,14.430,7.690,14.454,7.740
7.052,1.870,7.021,1.839,7.085,1.809
14.831,12.824,14.850,12.805,14.791,12.864
13.103,11.171,1000,1000,1000,1000
14.387,9.883,1000,1000,1000,1000
13.565,8.578,13.548,8.509,13.568,8.575
8.165,0.991,8.134,0.970,1000,1000
1.693,25.495,1000,1000,1000,1000
14.397,11.623,14.360,11.628,14.397,11.665
5.377,12.121,1000,1000,1000,1000
13.125,2.621,13.155,2.591,13.089,2.657
7.681,17.300,7.734,17.265,7.698,17.317
6.127,10.650,6.109,10.632,6.086,10.609
4.707,16.245,4.692,16.230,4.685,16.223
8.366,9.867,8.329,9.830,1000,1000
5.193,1.088,5.164,1.095,1000,1000
3.214,0.194,3.257,0.151,1000,1000
4.903,3.690,1000,1000,1000,1000
10.774,4.662,10.786,4.674,10.812,4.700
6.715,2.172,1000,1000,1000,1000
6.556,12.873,6.531,12.848,6.491,12.840
12.752,9.597,12.808,9.541,1000,1000
14.328,9.082,14.375,9.035,1000,1000
8.527,3.540,1000,1000,1000,1000
6.381,10.808,1000,1000,1000,1000
3.971,23.146,1000,1000,1000,1000
9.224,9.715,9.255,9.764,1000,1000
13.635,9.593,13.632,9.596,13.591,9.637
23.582,5.452,23.633,5.401,1000,1000
13.671,3.826,1000,1000,1000,1000
1.751,13.723,1.804,13.670,1000,1000
5.678,15.402,1000,1000,1000,1000
11.075,15.887,1000,1000,1000,1000
7.457,12.533,1000,1000,1000,1000
14.229,18.731,14.277,18.739,14.277,18.683
15.758,12.804,15.773,12.833,15.731,12.791
10.059,17.894,1000,1000,1000,1000
7.813,2.058,7.796,2.041,1000,1000
1.943,14.018,1000,1000,1000,1000
8.632,7.575,8.656,7.551,1000,1000
18.142,6.884,18.128,6.870,18.115,6.857
8.170,11.819,1000,1000,1000,1000
1.553,24.683,1.575,24.661,1000,1000
3.624,6.537,1000,1000,1000,1000
12.006,13.633,1000,1000,1000,1000
4.770,6.181,4.760,6.157,1000,1000
11.834,0.426,1000,1000,1000,1000
16.635,14.454,1000,1000,1000,1000
2.030,4.237,1.997,4.252,1000,1000
24.881,11.815,24.882,11.816,1000,1000
6.847,3.359,6.851,3.363,6.897,3.409
8.597,14.634,1000,1000,1000,1000
9.864,7.732,1000,1000,1000,1000
9.224,6.955,9.178,7.001,9.246,6.933
10.397,19.349,10.390,19.356,10.382,19.364
10.568,6.784,10.652,6.868,1000,1000
9.455,16.041,1000,1000,1000,1000
6.777,3.945,1000,1000,1000,1000
3.177,8.158,1000,1000,1000,1000
8.995,12.786,1000,1000,1000,1000
14.705,15.677,14.690,15.662,14.777,15.651
11.469,15.109,11.471,15.107,11.425,15.153
11.011,4.272,10.986,4.301,11.014,4.275
13.448,6.111,1000,1000,1000,1000
12.915,8.647,12.887,8.605,12.842,8.650
15.215,11.677,15.240,11.652,15.210,11.682
12.415,17.170,12.423,17.178,12.445,17.200
18.556,10.968,18.609,10.965,1000,1000
3.795,7.222,1000,1000,1000,1000
7.047,6.618,7.116,6.687,1000,1000
5.223,5.791,5.169,5.785,1000,1000
6.132,19.019,1000,1000,1000,1000
1.123,9.552,1000,1000,1000,1000
4.587,18.033,4.637,17.995,4.644,17.976
7.652,10.708,1000,1000,1000,1000
10.899,16.216,1000,1000,1000,1000
5.728,3.011,5.709,2.992,1000,1000
17.273,3.004,17.294,3.057,17.315,3.036
18.025,9.777,18.056,9.808,18.003,9.853
14.002,16.880,14.016,16.894,1000,1000
5.214,0.168,1000,1000,1000,1000
6.870,9.601,6.878,9.637,1000,1000
10.252,16.026,10.298,15.996,10.259,16.035
11.234,10.558,11.251,10.575,11.245,10.569
14.299,10.953,14.331,10.985,14.310,10.964
8.071,0.401,8.137,0.421,8.104,0.454
9.887,12.381,9.919,12.413,1000,1000
8.079,4.321,1000,1000,1000,1000
8.942,8.861,8.940,8.863,1000,1000
6.601,10.584,6.589,10.596,1000,1000
3.514,18.133,1000,1000,1000,1000
0.554,4.240,0.569,4.295,1000,1000
3.969,13.344,3.974,13.421,3.960,13.407
6.602,8.974,1000,1000,1000,1000
2.864,13.751,1000,1000,1000,1000
15.765,10.857,1000,1000,1000,1000
15.539,2.118,15.536,2.049,1000,1000
8.275,13.045,8.216,13.104,1000,1000
14.462,3.798,1000,1000,1000,1000
3.081,1.374,3.016,1.401,1000,1000
5.801,14.028,1000,1000,1000,1000
9.217,4.058,1000,1000,1000,1000
8.433,4.092,8.511,4.096,1000,1000
11.802,10.812,11.781,10.791,1000,1000
10.662,6.664,10.712,6.696,10.659,6.749
13.688,1.137,1000,1000,1000,1000
17.744,2.843,17.759,2.858,17.787,2.840
14.828,6.209,14.823,6.184,1000,1000
17.574,0.244,17.583,0.323,1000,1000
16.460,12.608,16.447,12.653,1000,1000
6.229,11.755,1000,1000,1000,1000
6.325,14.069,6.323,14.071,1000,1000
16.317,7.241,16.276,7.200,1000,1000
16.256,6.778,1000,1000,1000,1000
11.879,5.326,11.872,5.333,1000,1000
9.493,13.696,9.446,13.731,9.470,13.719
12.331,9.180,12.312,9.217,1000,1000
14.440,13.134,14.375,13.099,14.346,13.128
1.862,2.280,1.900,2.270,1.907,2.277
12.630,7.482,12.650,7.462,12.673,7.473
0.584,19.096,0.524,19.036,0.562,19.052
13.063,18.146,1000,1000,1000,1000
9.196,22.440,9.231,22.413,1000,1000
10.055,14.100,9.999,14.156,10.030,14.125
12.133,11.081,12.141,11.009,12.129,11.077
3.035,3.920,3.069,3.976,1000,1000
4.488,10.904,1000,1000,1000,1000
8.830,12.018,1000,1000,1000,1000
8.879,12.807,8.881,12.805,1000,1000
8.997,3.307,9.007,3.297,1000,1000
5.266,7.835,1000,1000,1000,1000
11.674,9.218,11.698,9.182,1000,1000
11.774,16.678,1000,1000,1000,1000
6.773,11.053,1000,1000,1000,1000
18.204,15.479,1000,1000,1000,1000
17.586,22.029,17.564,22.061,1000,1000
15.289,4.545,1000,1000,1000,1000
13.945,14.308,1000,1000,1000,1000
17.977,0.971,17.990,0.958,1000,1000
19.545,5.696,1000,1000,1000,1000
7.342,15.734,7.306,15.770,7.310,15.740
12.252,5.156,12.226,5.130,1000,1000
5.643,13.697,5.640,13.700,5.658,13.650
7.878,10.161,7.856,10.219,7.829,10.192
20.582,16.275,1000,1000,1000,1000
4.123,10.841,1000,1000,1000,1000
11.609,5.682,11.579,5.652,1000,1000
4.892,0.183,4.925,0.180,1000,1000
23.518,11.548,1000,1000,1000,1000
1.647,11.339,1.614,11.288,1000,1000
26.910,18.321,26.990,18.241,26.891,18.340
20.391,6.178,20.436,6.223,1000,1000
13.638,5.744,13.674,5.708,13.639,5.743
11.126,10.453,11.119,10.412,1000,1000
18.243,13.055,18.224,13.082,1000,1000
18.531,15.134,18.538,15.127,18.557,15.108
10.414,24.646,10.378,24.610,10.410,24.594
11.437,5.613,11.372,5.586,1000,1000
15.213,7.868,15.232,7.943,15.273,7.902
4.002,1.604,4.049,1.557,1000,1000
11.013,11.831,11.066,11.812,11.056,11.822
3.425,6.787,3.425,6.787,1000,1000
9.349,7.840,9.378,7.869,9.358,7.855
0.021,10.895,1000,1000,1000,1000
7.895,19.930,1000,1000,1000,1000
10.892,11.604,10.897,11.643,1000,1000
15.155,13.195,1000,1000,1000,1000
11.677,5.397,1000,1000,1000,1000
10.050,8.630,10.067,8.647,10.061,8.639
23.432,3.100,23.383,3.113,23.435,3.165
14.354,7.358,1000,1000,1000,1000
8.456,16.919,8.461,17.006,8.404,16.971
5.482,17.414,1000,1000,1000,1000
8.765,13.273,1000,1000,1000,1000
9.267,15.134,9.307,15.076,1000,1000
20.553,8.217,20.558,8.272,20.560,8.270
1.195,3.680,1.229,3.726,1000,1000
9.870,0.873,9.845,0.868,1000,1000
11.198,1.933,11.183,1.952,11.161,1.930
19.732,7.513,19.738,7.551,1000,1000
7.850,18.920,7.864,18.934,1000,1000
13.571,19.072,13.538,19.043,13.596,19.047
3.367,1.541,1000,1000,1000,1000
7.156,20.773,7.079,20.758,7.066,20.683
17.861,1.413,17.786,1.488,1000,1000
5.132,8.865,5.106,8.929,5.112,8.885
4.182,2.826,4.158,2.802,1000,1000
2.027,4.090,1000,1000,1000,1000
2.349,11.757,2.306,11.762,1000,1000
8.327,11.128,1000,1000,1000,1000
9.226,4.700,9.164,4.762,1000,1000
2.955,3.276,1000,1000,1000,1000
16.463,5.159,1000,1000,1000,1000
9.588,0.019,9.613,0.044,1000,1000
15.623,6.209,15.595,6.215,1000,1000
6.050,16.133,6.074,16.103,6.051,16.132
19.559,12.359,19.519,12.299,19.571,12.347
14.085,13.274,14.043,13.316,14.039,13.230
13.469,10.245,1000,1000,1000,1000
5.599,9.890,5.646,9.889,1000,1000
3.313,16.582,3.317,16.524,3.387,16.594
0.458,8.584,0.486,8.556,1000,1000
8.919,3.807,1000,1000,1000,1000
12.759,4.030,1000,1000,1000,1000
2.452,10.036,2.414,10.074,2.413,10.029
1.490,1.416,1.510,1.412,1.473,1.433
24.035,1.919,24.100,1.918,24.063,1.881
13.523,0.852,1000,1000,1000,1000
22.320,20.744,22.304,20.722,22.320,20.738
9.700,12.557,1000,1000,1000,1000
4.826,2.881,4.818,2.873,1000,1000
5.840,15.372,1000,1000,1000,1000
17.702,16.358,17.668,16.392,1000,1000
9.134,13.569,1000,1000,1000,1000
2.566,15.528,1000,1000,1000,1000
5.247,11.586,5.216,11.617,1000,1000
0.723,17.930,0.767,17.962,0.770,17.965
13.795,9.913,13.746,9.864,13.707,9.907
17.223,12.643,1000,1000,1000,1000
17.512,1.758,17.497,1.715,17.560,1.710
11.511,7.118,1000,1000,1000,1000
2.489,17.375,1000,1000,1000,1000
12.313,5.877,12.334,5.898,12.340,5.806
11.170,13.303,11.191,13.380,1000,1000
10.740,5.928,10.798,5.986,10.744,6.000
7.710,13.432,1000,1000,1000,1000
14.534,5.511,1000,1000,1000,1000
17.411,12.992,17.404,13.009,1000,1000
11.678,7.386,11.590,7.382,1000,1000
11.737,9.769,1000,1000,1000,1000
15.930,7.102,15.864,7.112,15.855,7.103
6.188,13.078,6.182,13.084,6.232,13.034
10.705,3.673,10.627,3.751,1000,1000
15.927,6.870,15.951,6.894,15.900,6.843
13.407,0.295,1000,1000,1000,1000
1.809,14.144,1000,1000,1000,1000
6.172,8.342,1000,1000,1000,1000
11.293,13.645,1000,1000,1000,1000
11.528,20.583,11.547,20.584,1000,1000
12.015,10.893,11.968,10.846,11.979,10.857
4.985,4.980,1000,1000,1000,1000
13.885,13.605,1000,1000,1000,1000
11.873,7.355,11.836,7.388,1000,1000
15.023,0.713,15.101,0.695,15.045,0.735
11.434,7.518,11.530,7.422,11.480,7.468
7.349,4.800,7.291,4.858,7.346,4.865
10.075,14.943,10.127,14.891,10.119,14.899
4.521,14.942,1000,1000,1000,1000
16.058,10.384,16.095,10.355,16.121,10.321
7.018,7.065,1000,1000,1000,1000
15.688,6.513,1000,1000,1000,1000
17.624,13.292,17.693,13.271,1000,1000
6.650,10.460,6.640,10.470,6.605,10.505
15.869,5.812,15.819,5.808,15.809,5.818
13.677,12.790,13.682,12.795,13.693,12.806
2.313,17.834,1000,1000,1000,1000
8.270,13.752,8.259,13.763,1000,1000
8.389,4.875,1000,1000,1000,1000
7.484,8.727,7.512,8.699,1000,1000
10.141,10.204,1000,1000,1000,1000
5.461,10.210,5.488,10.183,1000,1000
9.817,12.703,9.756,12.764,9.819,12.701
13.595,20.748,13.580,20.723,1000,1000
0.400,12.367,0.401,12.368,1000,1000
3.722,4.803,1000,1000,1000,1000
7.091,11.158,7.144,11.169,7.144,11.105
4.903,15.214,4.925,15.248,4.931,15.242
9.731,5.309,9.725,5.315,9.811,5.311
7.827,19.597,7.778,19.548,1000,1000
3.136,9.352,3.228,9.444,1000,1000
0.816,6.603,0.770,6.557,0.746,6.533
14.054,3.119,14.098,3.163,1000,1000
2.488,15.832,2.463,15.807,2.456,15.800
8.229,11.254,1000,1000,1000,1000
11.776,16.763,1000,1000,1000,1000
5.211,8.042,1000,1000,1000,1000
5.177,7.909,1000,1000,1000,1000
11.890,10.562,11.866,10.586,11.896,10.556
13.709,11.388,13.716,11.397,1000,1000
9.057,16.794,9.050,16.787,9.033,16.770
2.853,17.918,2.893,17.958,2.850,18.005
4.021,20.266,4.070,20.217,1000,1000
15.238,12.263,15.261,12.240,1000,1000
17.310,8.765,17.372,8.739,1000,1000
2.211,0.307,2.177,0.247,2.240,0.310
1.881,0.720,1.906,0.779,1.865,0.738
15.544,3.537,1000,1000,1000,1000
11.917,11.430,1000,1000,1000,1000
13.382,6.954,1000,1000,1000,1000
3.450,6.170,1000,1000,1000,1000
7.944,1.391,7.938,1.365,7.924,1.351
2.846,1.644,2.854,1.614,2.809,1.607
3.834,8.588,3.737,8.589,1000,1000
7.085,11.499,7.140,11.480,7.069,11.483
8.245,10.744,1000,1000,1000,1000
7.965,16.929,7.976,16.872,1000,1000
15.078,13.038,15.144,13.060,1000,1000
9.271,13.593,9.313,13.587,1000,1000
7.431,12.721,7.501,12.651,1000,1000
5.091,16.761,5.013,16.775,5.048,16.810
2.883,10.240,1000,1000,1000,1000
11.104,8.682,11.063,8.727,11.046,8.740
9.999,20.095,10.010,20.046,1000,1000
12.046,8.406,12.069,8.425,12.099,8.459
16.852,9.960,16.790,9.984,1000,1000
2.422,21.684,2.395,21.751,1000,1000
6.633,9.626,6.688,9.571,1000,1000
13.620,19.070,1000,1000,1000,1000
11.001,13.534,1000,1000,1000,1000
9.275,11.918,9.329,11.928,9.260,11.997
12.182,0.326,1000,1000,1000,1000
10.327,7.659,1000,1000,1000,1000
15.817,6.745,1000,1000,1000,1000
17.429,5.517,17.398,5.492,1000,1000
8.848,21.366,8.881,21.373,8.890,21.408
8.425,2.152,1000,1000,1000,1000
11.247,17.319,11.228,17.300,1000,1000
0.902,13.878,1000,1000,1000,1000
3.754,8.583,1000,1000,1000,1000
13.847,13.340,1000,1000,1000,1000
20.807,13.893,20.785,13.823,1000,1000
12.952,10.508,12.923,10.537,1000,1000
10.752,3.635,10.792,3.595,10.742,3.621
7.473,6.931,7.395,7.009,1000,1000
14.256,13.359,1000,1000,1000,1000
10.788,4.972,10.769,4.953,1000,1000
14.962,14.727,1000,1000,1000,1000
8.478,2.575,8.490,2.519,1000,1000
4.826,5.986,4.859,5.953,1000,1000
6.108,11.866,6.113,11.855,6.131,11.889
7.752,17.079,1000,1000,1000,1000
1.761,17.896,1.721,17.896,1000,1000
2.132,11.130,2.192,11.070,1000,1000
2.645,8.721,2.630,8.698,1000,1000
4.023,21.895,3.964,21.872,3.969,21.867
6.852,16.435,1000,1000,1000,1000
9.833,15.585,9.839,15.591,9.872,15.624
5.038,3.478,5.077,3.477,5.020,3.420
17.053,11.335,17.043,11.335,1000,1000
28.154,5.836,28.170,5.820,28.205,5.785
5.957,11.838,5.967,11.828,1000,1000
16.227,1.871,16.199,1.853,1000,1000
21.483,7.386,21.480,7.389,21.475,7.380
8.677,12.734,8.667,12.734,1000,1000
12.836,6.989,1000,1000,1000,1000
15.941,10.657,16.034,10.750,1000,1000
11.014,6.868,10.992,6.890,10.983,6.875
5.564,8.616,5.572,8.608,5.619,8.561
12.704,8.917,1000,1000,1000,1000
12.896,13.527,12.907,13.516,1000,1000
8.718,16.402,8.717,16.401,1000,1000
18.522,12.668,18.442,12.748,18.492,12.698
14.934,8.258,1000,1000,1000,1000
11.492,3.702,11.483,3.709,11.523,3.669
8.855,1.621,1000,1000,1000,1000
8.209,0.643,1000,1000,1000,1000
17.055,21.027,17.032,21.078,1000,1000
4.645,6.063,1000,1000,1000,1000
5.556,5.929,1000,1000,1000,1000
12.269,10.296,12.310,10.337,1000,1000
8.429,2.862,8.376,2.863,1000,1000
8.183,9.563,8.151,9.629,1000,1000
9.138,6.659,9.192,6.713,1000,1000
11.741,2.280,11.687,2.278,1000,1000
15.095,18.174,15.057,18.212,15.050,18.219
2.079,11.332,2.124,11.377,1000,1000
10.294,7.349,10.279,7.364,1000,1000
13.696,17.506,13.783,17.497,1000,1000
24.524,14.825,1000,1000,1000,1000
5.922,13.974,5.853,13.961,1000,1000
9.070,5.989,9.104,6.023,1000,1000
5.323,17.219,5.311,17.231,1000,1000
11.872,3.344,1000,1000,1000,1000
17.192,16.268,17.185,16.261,1000,1000
10.486,5.835,1000,1000,1000,1000
6.432,12.100,6.443,12.089,6.471,12.097
10.839,11.363,10.882,11.320,1000,1000
7.518,20.902,7.590,20.974,1000,1000
16.685,20.814,16.627,20.756,1000,1000
5.907,10.742,1000,1000,1000,1000
9.533,7.311,9.479,7.339,1000,1000
10.590,0.577,10.642,0.561,1000,1000
2.995,10.705,1000,1000,1000,1000
3.837,13.287,3.761,13.363,3.841,13.283
8.940,16.948,8.994,16.894,1000,1000
8.691,15.750,8.640,15.699,8.691,15.750
14.635,14.615,14.628,14.546,14.659,14.591
7.560,8.945,7.537,8.922,7.582,8.967
23.184,12.794,23.162,12.862,23.154,12.854
17.009,19.054,1000,1000,1000,1000
0.200,11.105,0.143,11.106,1000,1000
17.707,7.694,1000,1000,1000,1000
9.676,9.059,9.672,9.143,9.587,9.148
18.680,14.518,18.647,14.551,1000,1000
23.705,8.680,23.682,8.661,23.639,8.704
7.897,4.373,7.954,4.430,1000,1000
20.108,13.578,20.090,13.560,20.030,13.500
6.969,12.210,1000,1000,1000,1000
9.264,16.146,9.271,16.181,1000,1000
0.619,4.037,0.642,4.016,0.627,4.029
2.116,8.998,2.066,8.948,1000,1000
5.833,2.486,5.839,2.482,1000,1000
10.481,21.047,10.517,21.083,10.474,21.040
17.435,15.211,17.418,15.228,1000,1000
12.534,5.228,1000,1000,1000,1000
10.248,6.493,10.310,6.483,10.298,6.543
4.455,9.283,4.412,9.326,1000,1000
2.866,18.459,2.900,18.477,1000,1000
10.600,3.409,1000,1000,1000,1000
11.025,14.753,1000,1000,1000,1000
0.386,20.030,0.400,20.044,0.333,19.977
14.957,13.944,14.987,13.914,14.992,13.887
12.171,2.225,12.174,2.228,1000,1000
0.952,15.077,0.995,15.080,1000,1000
11.582,8.834,11.649,8.901,1000,1000
9.303,11.788,9.342,11.749,1000,1000
7.562,19.788,1000,1000,1000,1000
8.778,22.787,8.725,22.764,8.802,22.841
1.469,19.270,1.410,19.211,1.415,19.266
7.239,6.138,7.181,6.102,7.179,6.100
10.311,1.506,10.226,1.505,10.267,1.464
13.756,13.710,13.731,13.735,1000,1000
9.051,6.791,8.984,6.724,8.975,6.783
5.971,7.256,5.931,7.224,5.961,7.266
5.720,11.977,5.683,11.926,5.734,11.977
6.686,10.801,1000,1000,1000,1000
9.556,12.695,9.568,12.659,1000,1000
8.293,16.451,1000,1000,1000,1000
17.894,17.508,17.874,17.488,1000,1000
16.722,18.874,16.701,18.861,16.742,18.894
3.743,6.538,3.734,6.547,1000,1000
4.591,8.406,4.605,8.420,1000,1000
23.616,4.730,1000,1000,1000,1000
13.740,10.711,1000,1000,1000,1000
10.810,14.730,1000,1000,1000,1000
11.161,25.356,11.184,25.379,11.204,25.399
6.228,19.237,6.281,19.246,1000,1000
1.492,12.872,1000,1000,1000,1000
11.373,15.623,1000,1000,1000,1000
12.414,8.501,1000,1000,1000,1000
0.665,16.600,0.656,16.535,0.662,16.597
15.325,9.848,1000,1000,1000,1000
11.184,16.639,1000,1000,1000,1000
0.094,3.440,0.086,3.432,0.086,3.514
18.882,15.844,1000,1000,1000,1000
12.112,12.044,12.124,12.032,1000,1000
10.704,8.249,10.670,8.187,10.617,8.240
9.163,19.229,9.194,19.236,9.125,19.267
12.895,11.231,1000,1000,1000,1000
4.862,9.329,4.816,9.375,1000,1000
7.004,7.030,6.961,6.987,1000,1000
16.577,14.632,16.643,14.620,16.611,14.598
17.337,1.447,17.349,1.459,1000,1000
5.275,15.510,1000,1000,1000,1000
5.027,3.742,1000,1000,1000,1000
11.620,18.112,11.636,18.098,1000,1000
11.388,8.703,11.331,8.760,11.336,8.755
12.704,7.567,12.677,7.540,12.684,7.547
10.614,15.369,1000,1000,1000,1000
5.670,8.943,5.630,8.887,5.641,8.914
19.839,12.160,19.832,12.185,1000,1000
0.538,9.895,0.573,9.930,1000,1000
7.242,9.112,7.268,9.138,7.281,9.065
13.945,3.559,1000,1000,1000,1000
5.664,6.309,1000,1000,1000,1000
11.386,2.209,11.295,2.216,11.329,2.152
4.655,11.544,4.609,11.526,4.595,11.604
21.301,8.792,21.337,8.828,1000,1000
6.733,16.419,6.771,16.381,6.780,16.380
14.875,9.935,14.917,9.977,14.892,9.952
9.394,3.901,9.346,3.855,9.368,3.877
3.045,0.835,3.071,0.869,3.075,0.873
10.673,17.347,1000,1000,1000,1000
9.337,17.255,1000,1000,1000,1000
20.689,12.064,20.703,12.078,1000,1000
14.139,3.666,14.116,3.689,14.076,3.673
10.242,23.386,10.224,23.368,1000,1000
14.455,10.719,14.427,10.695,14.472,10.736
6.535,8.423,6.553,8.405,1000,1000
6.619,8.366,6.609,8.356,6.684,8.363
3.840,10.480,3.797,10.437,3.767,10.407
5.860,11.849,1000,1000,1000,1000
6.800,14.662,6.806,14.722,1000,1000
12.835,11.478,12.762,11.493,1000,1000
11.734,2.033,11.804,2.059,11.781,2.082
11.113,11.084,11.094,11.085,1000,1000
23.190,0.771,23.240,0.773,1000,1000
9.319,4.601,9.290,4.580,1000,1000
19.840,16.897,19.865,16.830,1000,1000
14.927,7.644,14.915,7.694,14.927,7.706
11.216,14.420,11.210,14.336,1000,1000
15.390,7.693,1000,1000,1000,1000
4.195,6.292,1000,1000,1000,1000
9.713,20.331,9.708,20.326,1000,1000
0.435,5.606,0.451,5.632,0.383,5.658
2.986,12.032,2.935,12.083,1000,1000
5.048,9.366,1000,1000,1000,1000
27.422,15.879,27.460,15.829,27.504,15.797
5.710,6.145,1000,1000,1000,1000
10.723,0.561,1000,1000,1000,1000
15.781,9.216,15.776,9.211,1000,1000
10.292,0.582,10.256,0.546,1000,1000
15.088,11.345,15.086,11.343,15.085,11.342
8.633,15.367,8.668,15.344,1000,1000
4.191,3.161,4.236,3.158,4.249,3.145
18.571,13.898,1000,1000,1000,1000
9.908,12.566,1000,1000,1000,1000
14.393,9.890,1000,1000,1000,1000
13.766,13.479,13.825,13.420,13.748,13.413
18.052,13.840,18.079,13.903,1000,1000
11.939,3.275,11.901,3.237,1000,1000
19.692,20.582,19.670,20.580,19.720,20.530
7.312,5.333,1000,1000,1000,1000
6.284,17.772,1000,1000,1000,1000
10.213,11.966,10.207,11.978,1000,1000
0.080,10.241,0.111,10.210,0.126,10.277
10.102,12.005,10.139,12.042,1000,1000
9.894,4.242,9.902,4.272,9.905,4.231
16.726,2.625,16.692,2.659,1000,1000
14.360,10.270,14.364,10.308,1000,1000
5.358,12.451,1000,1000,1000,1000
11.503,4.572,11.508,4.639,1000,1000
4.549,15.350,4.578,15.381,1000,1000
4.346,5.770,4.408,5.780,1000,1000
19.538,4.965,19.517,4.944,1000,1000
4.162,17.381,1000,1000,1000,1000
18.399,0.471,18.459,0.411,1000,1000
11.429,9.688,11.413,9.660,11.458,9.659
16.084,10.909,16.098,10.949,1000,1000
19.326,12.993,1000,1000,1000,1000
15.444,14.219,15.443,14.220,15.438,14.233
6.555,9.141,6.477,9.063,1000,1000
5.648,10.179,5.721,10.162,5.687,10.140
7.120,9.727,7.144,9.751,1000,1000
11.243,4.497,11.242,4.496,1000,1000
9.233,6.903,1000,1000,1000,1000
11.674,7.399,11.642,7.431,11.694,7.379
14.537,5.639,14.575,5.601,1000,1000
11.936,1.028,11.910,1.026,11.928,1.008
19.203,4.998,1000,1000,1000,1000
8.497,7.609,8.462,7.644,1000,1000
17.447,1.314,1000,1000,1000,1000
18.516,8.550,1000,1000,1000,1000
2.923,12.483,2.937,12.497,2.966,12.526
17.150,11.944,17.191,11.903,17.218,11.876
13.677,15.087,13.731,15.033,13.678,15.086
20.865,5.051,20.860,4.978,20.832,5.006
6.796,12.899,6.744,12.847,6.718,12.821
19.421,9.739,1000,1000,1000,1000
13.412,16.747,13.360,16.799,1000,1000
6.741,6.796,6.733,6.788,6.729,6.742
2.384,11.044,2.370,11.058,1000,1000
13.089,0.237,13.101,0.223,1000,1000
13.120,17.586,13.089,17.611,1000,1000
4.236,3.202,1000,1000,1000,1000
10.812,12.069,10.862,12.119,10.838,12.095
12.831,16.579,1000,1000,1000,1000
10.892,15.839,10.887,15.844,10.900,15.831
8.278,9.379,8.244,9.333,8.195,9.382
15.093,8.645,1000,1000,1000,1000
4.446,11.918,4.471,11.943,4.442,11.976
17.321,4.920,17.403,4.838,1000,1000
10.140,6.820,10.122,6.760,10.074,6.808
3.361,12.273,1000,1000,1000,1000
3.237,8.078,3.206,8.093,1000,1000
12.485,20.186,12.449,20.134,12.461,20.210
8.338,3.747,1000,1000,1000,1000
10.885,4.719,10.879,4.725,1000,1000
4.205,13.263,4.196,13.272,4.173,13.253
14.370,9.700,14.317,9.753,14.334,9.736
13.249,15.259,13.330,15.242,13.309,15.263
11.249,7.728,11.236,7.715,11.256,7.735
16.342,7.477,1000,1000,1000,1000
1.543,10.677,1000,1000,1000,1000
5.794,11.327,5.813,11.318,1000,1000
13.907,15.452,1000,1000,1000,1000
15.015,21.103,15.013,21.147,1000,1000
21.224,9.067,1000,1000,1000,1000
5.601,20.337,5.550,20.286,5.543,20.279
13.844,9.295,13.800,9.251,1000,1000
9.689,10.326,1000,1000,1000,1000
2.930,3.200,1000,1000,1000,1000
4.686,5.740,4.679,5.747,4.641,5.703
13.024,9.778,13.036,9.810,13.072,9.826
7.991,19.007,8.062,18.936,8.058,18.940
13.114,2.815,13.175,2.876,1000,1000
0.081,0.398,0.032,0.447,0.127,0.450
1.233,7.443,1.226,7.392,1.205,7.415
19.271,11.055,19.278,11.062,19.235,11.053
11.826,2.303,11.820,2.297,11.848,2.329
5.816,12.223,5.851,12.188,5.801,12.164
13.380,9.958,1000,1000,1000,1000
8.011,11.361,1000,1000,1000,1000
9.406,10.284,1000,1000,1000,1000
13.998,11.348,14.056,11.356,1000,1000
7.016,10.519,7.017,10.518,1000,1000
18.432,0.682,1000,1000,1000,1000
14.392,5.438,14.463,5.367,1000,1000
7.808,21.621,7.854,21.575,1000,1000
8.420,3.261,8.415,3.304,1000,1000
10.980,2.980,10.963,2.933,1000,1000
2.562,15.609,2.518,15.641,1000,1000
12.252,5.195,12.222,5.225,12.226,5.221
10.007,0.087,9.999,0.117,10.036,0.058
18.077,10.164,18.105,10.156,1000,1000
14.507,12.137,14.571,12.111,1000,1000
8.841,2.517,8.826,2.514,8.862,2.550
18.283,13.274,18.263,13.268,18.264,13.269
0.496,21.011,0.437,21.008,0.447,21.018
10.369,14.475,10.433,14.463,10.367,14.529
17.897,18.963,1000,1000,1000,1000
7.518,3.546,1000,1000,1000,1000
0.517,9.768,1000,1000,1000,1000
4.643,6.753,4.682,6.714,4.696,6.700
14.529,19.552,14.453,19.476,1000,1000
6.211,2.847,6.242,2.812,6.221,2.837
12.891,13.795,12.908,13.772,1000,1000
6.131,18.607,1000,1000,1000,1000
4.242,8.593,1000,1000,1000,1000
0.190,1.270,0.249,1.211,0.215,1.219
16.472,3.529,1000,1000,1000,1000
20.701,0.695,20.698,0.698,20.787,0.609
15.715,13.096,15.712,13.059,1000,1000
21.620,20.867,21.619,20.868,1000,1000
1.714,7.085,1.741,7.118,1000,1000
2.655,7.802,1000,1000,1000,1000
11.624,20.631,11.587,20.594,1000,1000
11.074,9.667,1000,1000,1000,1000
16.669,10.046,16.645,10.036,16.701,10.092
18.035,7.575,1000,1000,1000,1000
21.595,6.882,21.672,6.805,21.629,6.848
5.587,0.735,1000,1000,1000,1000
10.362,11.527,1000,1000,1000,1000
12.228,16.112,12.234,16.096,12.281,16.143
18.321,1.471,18.339,1.409,1000,1000
10.941,5.143,10.951,5.153,10.903,5.105
16.024,0.198,16.083,0.231,16.025,0.173
6.970,11.567,6.981,11.556,7.000,11.599
15.957,15.718,1000,1000,1000,1000
9.014,5.534,1000,1000,1000,1000
14.386,5.482,14.396,5.454,14.381,5.477
10.964,1.738,1000,1000,1000,1000
1.574,7.929,1.512,7.953,1000,1000
8.615,8.760,1000,1000,1000,1000
2.963,26.170,1000,1000,1000,1000
10.702,19.762,1000,1000,1000,1000
4.675,4.425,1000,1000,1000,1000
9.275,1.052,1000,1000,1000,1000
5.272,9.706,5.232,9.750,1000,1000
16.606,16.407,16.608,16.405,16.549,16.464
12.579,4.053,12.657,4.049,1000,1000
13.487,9.406,13.477,9.416,1000,1000
3.412,17.571,3.447,17.606,3.412,17.571
8.125,4.479,8.180,4.484,8.124,4.478
6.558,0.057,6.619,0.118,1000,1000
0.081,8.754,0.131,8.744,1000,1000
17.283,18.264,17.242,18.261,1000,1000
5.737,15.159,5.763,15.087,1000,1000
0.930,15.414,0.931,15.383,1000,1000
7.190,15.822,1000,1000,1000,1000
2.294,7.202,2.331,7.141,2.366,7.130
16.393,17.359,1000,1000,1000,1000
1.875,4.238,1000,1000,1000,1000
12.312,16.464,12.292,16.484,1000,1000
8.556,5.821,8.596,5.853,8.632,5.897
0.213,4.052,0.231,4.034,0.145,4.120
12.559,14.267,12.569,14.257,12.546,14.280
7.311,1.200,1000,1000,1000,1000
5.096,4.395,5.073,4.418,1000,1000
7.003,18.745,7.025,18.723,7.022,18.708
6.029,12.001,5.951,11.923,5.957,12.015
12.637,7.132,12.669,7.116,1000,1000
14.099,14.816,14.049,14.780,1000,1000
2.441,13.952,2.510,13.971,2.440,13.951
1.065,3.477,1.159,3.481,1000,1000
3.980,9.296,3.984,9.334,3.954,9.364
0.584,15.142,0.644,15.202,1000,1000
21.411,21.734,1000,1000,1000,1000
5.353,0.237,1000,1000,1000,1000
