17.368,11.143,17.400,11.207,17.389,11.164
22.718,16.173,22.679,16.134,22.656,16.185
26.137,10.442,1000,1000,1000,1000
11.835,7.959,1000,1000,1000,1000
14.604,5.682,14.648,5.662,14.617,5.631
13.462,7.890,13.531,7.821,1000,1000
4.037,1.730,4.048,1.741,1000,1000
8.946,18.551,8.940,18.607,1000,1000
16.136,4.257,16.122,4.271,16.151,4.242
11.446,11.235,11.391,11.180,1000,1000
12.959,5.971,12.951,5.979,12.963,5.967
18.834,6.731,18.862,6.759,1000,1000
24.756,6.992,24.763,6.985,24.745,7.003
9.242,13.929,9.150,13.935,1000,1000
8.280,14.311,8.261,14.330,8.313,14.364
2.578,10.096,2.635,10.125,2.627,10.145
16.871,13.762,16.847,13.740,1000,1000
1.679,11.798,1.610,11.867,1.639,11.856
14.456,10.645,14.472,10.723,1000,1000
9.270,9.424,9.213,9.367,9.190,9.438
10.729,1.692,10.725,1.682,10.744,1.701
2.458,18.494,1000,1000,1000,1000
15.700,16.048,15.650,16.098,1000,1000
12.470,6.404,12.516,6.450,1000,1000
13.437,11.153,1000,1000,1000,1000
9.213,14.106,9.184,14.135,1000,1000
15.909,5.917,15.865,5.873,1000,1000
1.607,14.333,1000,1000,1000,1000
14.270,5.516,1000,1000,1000,1000
7.803,10.482,7.782,10.461,1000,1000
6.184,7.041,6.104,7.121,6.192,7.111
14.864,7.257,1000,1000,1000,1000
12.532,5.518,1000,1000,1000,1000
1.301,4.535,1000,1000,1000,1000
14.144,7.210,1000,1000,1000,1000
17.359,1.863,17.335,1.839,1000,1000
8.205,17.296,8.246,17.255,1000,1000
3.035,2.918,3.004,2.949,2.951,3.002
10.243,10.783,10.281,10.781,1000,1000
5.361,8.134,1000,1000,1000,1000
15.148,6.513,15.174,6.479,15.097,6.556
0.881,15.532,0.822,15.545,1000,1000
12.429,24.810,12.431,24.760,12.485,24.814
10.692,11.680,10.700,11.688,10.670,11.658
7.787,5.814,1000,1000,1000,1000
12.964,8.400,13.004,8.440,1000,1000
5.661,2.521,1000,1000,1000,1000
7.090,1.680,7.020,1.750,7.034,1.710
12.905,4.515,1000,1000,1000,1000
14.270,14.346,1000,1000,1000,1000
4.332,12.758,4.292,12.718,1000,1000
2.694,21.658,2.658,21.694,2.688,21.664
1.337,7.951,1000,1000,1000,1000
10.644,17.580,10.565,17.659,1000,1000
13.632,9.390,1000,1000,1000,1000
10.430,13.354,10.384,13.362,10.367,13.379
9.501,23.245,9.537,23.209,1000,1000
5.239,13.924,5.258,13.943,5.262,13.991
0.852,14.478,0.874,14.430,1000,1000
9.760,23.779,9.787,23.838,9.792,23.811
10.754,16.354,1000,1000,1000,1000
10.965,13.925,1000,1000,1000,1000
12.125,23.958,12.188,23.895,1000,1000
10.994,4.980,10.998,5.016,1000,1000
10.609,14.814,10.703,14.908,10.647,14.852
10.056,10.775,10.020,10.801,10.101,10.720
12.872,3.911,1000,1000,1000,1000
16.691,3.264,16.677,3.268,16.714,3.231
9.200,12.873,9.192,12.861,1000,1000
13.129,8.022,13.158,8.075,13.154,8.071
0.277,9.075,0.332,9.112,1000,1000
11.402,11.755,11.434,11.723,1000,1000
15.571,16.461,1000,1000,1000,1000
8.805,13.551,8.757,13.599,1000,1000
17.525,12.399,1000,1000,1000,1000
0.345,2.688,1000,1000,1000,1000
7.356,15.381,1000,1000,1000,1000
16.587,1.962,16.559,1.934,1000,1000
19.993,19.065,19.952,19.068,1000,1000
15.636,10.140,1000,1000,1000,1000
0.756,5.401,1000,1000,1000,1000
3.600,0.435,3.554,0.481,3.533,0.502
3.419,13.991,3.395,14.015,3.382,14.028
11.129,11.147,11.087,11.157,1000,1000
7.192,13.405,1000,1000,1000,1000
0.258,4.725,1000,1000,1000,1000
10.037,13.829,10.030,13.836,9.970,13.832
0.194,9.384,0.210,9.414,0.234,9.438
12.751,17.708,12.731,17.728,12.739,17.720
1.759,11.064,1.786,11.037,1.749,11.008
9.604,19.984,9.579,19.999,9.598,20.018
14.511,2.076,1000,1000,1000,1000
9.649,13.318,9.669,13.298,1000,1000
5.763,16.085,5.778,16.122,5.730,16.118
5.616,2.842,5.587,2.871,5.566,2.794
12.308,15.265,12.246,15.241,12.246,15.203
7.535,12.201,7.483,12.149,7.467,12.217
5.482,2.511,5.480,2.495,1000,1000
16.613,10.934,1000,1000,1000,1000
4.901,14.681,4.973,14.673,1000,1000
2.075,8.921,2.038,8.958,1000,1000
11.944,0.130,11.935,0.121,1000,1000
6.573,6.929,1000,1000,1000,1000
6.216,22.654,6.227,22.671,6.255,22.643
5.498,16.047,1000,1000,1000,1000
3.318,4.668,3.320,4.670,3.315,4.585
6.249,5.972,6.207,5.974,1000,1000
6.146,15.633,6.123,15.656,6.166,15.683
18.739,8.707,1000,1000,1000,1000
4.165,2.345,4.188,2.322,4.233,2.331
16.323,14.592,16.306,14.575,16.269,14.612
16.921,8.470,1000,1000,1000,1000
11.555,11.796,11.614,11.855,1000,1000
17.210,2.330,17.257,2.293,1000,1000
18.117,6.995,18.107,6.969,1000,1000
21.168,5.929,21.176,5.999,1000,1000
11.249,13.927,11.261,13.933,1000,1000
11.062,4.166,1000,1000,1000,1000
11.206,23.530,1000,1000,1000,1000
11.741,24.348,11.711,24.318,1000,1000
1.250,16.978,1.308,17.036,1.327,16.961
0.240,3.257,0.318,3.261,1000,1000
15.042,14.771,1000,1000,1000,1000
1.439,17.710,1.471,17.670,1.424,17.695
7.402,10.786,7.392,10.776,1000,1000
4.921,6.810,4.887,6.840,4.939,6.828
17.835,19.138,17.813,19.160,17.882,19.091
4.831,14.897,4.837,14.875,4.819,14.893
3.877,9.457,3.899,9.435,3.963,9.371
8.440,14.524,8.365,14.599,8.427,14.537
4.330,6.860,1000,1000,1000,1000
20.653,9.042,20.689,9.006,1000,1000
9.734,6.930,9.735,6.929,1000,1000
10.941,10.596,10.885,10.540,10.852,10.603
13.273,3.981,13.283,3.951,13.285,3.969
9.658,9.857,1000,1000,1000,1000
17.413,16.502,1000,1000,1000,1000
2.448,7.737,2.524,7.813,1000,1000
13.744,0.571,13.751,0.578,13.731,0.548
5.543,10.701,5.551,10.645,1000,1000
20.057,4.759,20.036,4.764,1000,1000
1.158,9.608,1.236,9.686,1000,1000
16.307,7.778,16.368,7.717,1000,1000
6.741,10.176,6.711,10.146,1000,1000
1.035,9.668,1.030,9.721,1000,1000
6.713,11.552,6.722,11.517,1000,1000
6.922,7.415,6.869,7.362,1000,1000
24.658,4.134,24.704,4.088,24.672,4.138
3.723,5.204,3.677,5.250,1000,1000
8.146,12.461,1000,1000,1000,1000
10.414,13.499,1000,1000,1000,1000
21.252,6.312,21.267,6.327,21.268,6.328
11.680,6.057,11.626,6.071,1000,1000
12.257,4.056,12.277,4.030,1000,1000
9.924,14.420,9.911,14.337,9.869,14.365
9.710,13.392,1000,1000,1000,1000
14.309,0.267,14.311,0.269,1000,1000
15.730,4.879,15.736,4.929,15.736,4.929
0.277,3.273,1000,1000,1000,1000
18.564,26.061,18.598,26.127,18.581,26.110
3.161,4.641,3.164,4.660,3.196,4.692
11.116,6.730,1000,1000,1000,1000
11.608,4.361,11.580,4.295,11.635,4.334
13.788,4.517,1000,1000,1000,1000
11.909,11.964,11.856,11.911,11.934,11.907
13.469,1.437,13.423,1.423,13.394,1.452
8.028,8.024,8.044,8.040,8.012,8.044
0.435,10.551,0.420,10.610,1000,1000
8.904,16.995,1000,1000,1000,1000
2.598,10.268,1000,1000,1000,1000
10.843,11.326,1000,1000,1000,1000
9.995,6.038,1000,1000,1000,1000
19.736,9.781,19.726,9.699,1000,1000
3.560,7.891,3.542,7.829,1000,1000
8.558,1.493,1000,1000,1000,1000
8.826,8.612,8.830,8.608,1000,1000
3.129,15.439,3.163,15.473,1000,1000
4.021,18.571,3.986,18.536,1000,1000
7.033,11.083,7.010,11.060,1000,1000
1.790,10.770,1000,1000,1000,1000
2.994,7.278,3.030,7.244,3.005,7.289
11.490,11.436,11.462,11.374,1000,1000
9.532,8.191,9.548,8.273,9.579,8.242
13.518,18.942,13.584,18.876,13.517,18.943
9.219,0.765,1000,1000,1000,1000
14.979,5.434,1000,1000,1000,1000
17.220,8.707,1000,1000,1000,1000
15.226,13.703,15.220,13.709,15.204,13.715
15.106,14.388,15.074,14.346,15.093,14.375
15.487,3.835,1000,1000,1000,1000
6.380,7.486,6.314,7.552,1000,1000
13.091,0.221,13.059,0.177,13.052,0.182
6.855,0.630,6.832,0.665,6.854,0.687
7.771,8.653,7.708,8.678,1000,1000
9.351,10.056,9.354,10.053,9.398,10.009
12.496,6.066,12.480,6.032,12.515,6.047
5.419,19.524,5.432,19.575,5.410,19.597
16.857,12.368,16.841,12.384,16.798,12.333
7.013,12.668,6.996,12.685,7.005,12.670
10.547,15.507,10.548,15.536,10.592,15.552
9.297,10.411,9.241,10.467,1000,1000
0.460,0.940,0.436,0.892,0.499,0.955
8.089,12.311,1000,1000,1000,1000
4.999,20.581,5.028,20.648,5.015,20.635
1.299,0.049,1.282,-0.008,1.299,-0.025
13.027,6.555,13.006,6.576,1000,1000
14.126,13.899,14.124,13.897,1000,1000
6.332,6.231,6.419,6.318,1000,1000
15.050,10.164,1000,1000,1000,1000
12.903,10.268,12.866,10.231,12.870,10.215
8.498,7.989,8.511,7.950,8.515,7.946
13.859,8.456,13.862,8.453,13.877,8.438
12.690,6.540,12.657,6.507,1000,1000
7.719,13.528,7.773,13.540,7.743,13.504
10.998,7.473,11.005,7.440,11.015,7.456
4.877,10.064,4.868,10.103,4.929,10.116
17.825,0.116,1000,1000,1000,1000
4.594,22.291,1000,1000,1000,1000
11.458,14.380,1000,1000,1000,1000
5.859,8.627,5.853,8.581,5.836,8.650
14.992,21.225,14.936,21.255,1000,1000
20.385,21.036,20.440,21.023,1000,1000
7.537,2.639,7.471,2.705,7.559,2.703
7.387,2.043,7.426,2.082,7.416,2.072
11.734,5.723,1000,1000,1000,1000
13.108,11.837,1000,1000,1000,1000
8.685,11.119,8.722,11.156,1000,1000
21.931,10.220,21.931,10.178,21.884,10.225
0.157,4.048,1000,1000,1000,1000
5.393,12.413,5.417,12.377,1000,1000
9.155,9.650,9.153,9.648,1000,1000
18.644,15.613,1000,1000,1000,1000
4.075,5.167,4.043,5.135,4.043,5.135
6.815,9.065,6.796,9.084,6.874,9.078
3.355,1.701,3.371,1.717,3.354,1.694
6.884,10.721,6.869,10.736,6.919,10.702
9.545,4.753,9.536,4.746,1000,1000
3.932,14.979,3.941,14.988,3.888,14.935
15.660,0.553,15.652,0.545,15.612,0.529
16.209,4.158,16.256,4.111,1000,1000
12.878,7.738,12.889,7.749,12.899,7.727
3.925,17.675,3.992,17.658,3.993,17.659
1.382,9.017,1.359,8.992,1.409,9.042
8.128,9.137,8.136,9.217,8.138,9.215
2.061,11.532,2.125,11.596,2.120,11.591
4.533,11.277,1000,1000,1000,1000
10.146,7.766,10.099,7.813,10.171,7.823
1.046,16.484,1000,1000,1000,1000
1.152,18.615,1000,1000,1000,1000
14.332,1.814,14.330,1.858,1000,1000
1.925,0.903,1.932,0.924,1.919,0.911
8.954,6.224,1000,1000,1000,1000
17.202,0.369,17.239,0.312,1000,1000
11.017,20.146,1000,1000,1000,1000
6.383,17.485,1000,1000,1000,1000
8.607,2.309,1000,1000,1000,1000
17.324,10.619,17.348,10.595,17.386,10.655
5.727,10.957,5.790,10.894,5.767,10.917
5.684,8.993,5.664,9.067,1000,1000
2.538,10.655,2.619,10.574,2.622,10.641
6.901,23.318,1000,1000,1000,1000
9.429,13.153,9.371,13.211,9.414,13.228
7.644,10.381,1000,1000,1000,1000
17.233,18.923,17.239,18.929,1000,1000
8.025,3.680,8.044,3.697,1000,1000
10.622,14.804,10.596,14.818,1000,1000
12.619,5.536,12.641,5.514,12.680,5.513
15.926,12.984,1000,1000,1000,1000
8.215,7.968,8.236,7.963,1000,1000
10.664,0.302,10.711,0.251,10.641,0.279
26.500,6.028,1000,1000,1000,1000
8.360,30.675,8.402,30.693,8.391,30.704
19.728,7.513,19.742,7.499,19.708,7.485
17.955,11.294,17.918,11.331,1000,1000
3.746,6.678,3.707,6.631,1000,1000
15.880,0.938,1000,1000,1000,1000
29.326,5.927,29.300,5.933,1000,1000
7.923,6.237,7.982,6.178,1000,1000
6.766,6.399,6.790,6.375,6.783,6.394
4.707,14.411,1000,1000,1000,1000
14.394,17.130,1000,1000,1000,1000
21.699,13.172,21.702,13.175,1000,1000
12.450,8.116,12.411,8.155,12.358,8.208
17.707,16.915,17.766,16.974,1000,1000
25.074,14.028,25.039,14.045,25.097,14.051
0.511,5.978,1000,1000,1000,1000
17.171,1.759,1000,1000,1000,1000
7.761,3.322,7.722,3.361,7.766,3.377
12.420,8.580,1000,1000,1000,1000
4.746,11.019,4.722,11.043,4.781,11.058
15.387,9.007,15.405,9.059,1000,1000
6.902,9.298,1000,1000,1000,1000
15.365,10.542,15.387,10.520,1000,1000
12.366,16.614,1000,1000,1000,1000
16.347,14.545,16.399,14.521,1000,1000
3.808,17.979,3.751,17.970,3.768,18.019
2.844,12.726,1000,1000,1000,1000
13.251,15.199,13.294,15.150,1000,1000
1.673,9.061,1000,1000,1000,1000
14.183,19.831,1000,1000,1000,1000
14.216,7.772,14.207,7.763,14.174,7.730
9.668,10.582,1000,1000,1000,1000
7.367,1.715,7.306,1.710,1000,1000
11.610,10.495,11.672,10.557,1000,1000
1.875,1.784,1.919,1.740,1000,1000
10.625,14.682,10.559,14.670,10.548,14.681
10.369,7.053,10.408,6.998,1000,1000
7.370,5.216,7.305,5.281,1000,1000
17.002,0.624,17.020,0.642,1000,1000
16.437,15.578,16.436,15.577,16.420,15.639
9.861,9.324,1000,1000,1000,1000
12.089,22.616,12.156,22.587,1000,1000
2.794,5.892,1000,1000,1000,1000
10.062,12.025,1000,1000,1000,1000
10.295,4.723,1000,1000,1000,1000
12.441,4.794,1000,1000,1000,1000
18.440,4.352,18.376,4.416,18.438,4.354
14.552,11.961,14.600,12.009,1000,1000
4.504,7.361,4.504,7.363,4.531,7.388
7.853,9.523,1000,1000,1000,1000
3.758,14.333,3.718,14.327,1000,1000
1.695,3.763,1.622,3.788,1000,1000
14.728,10.994,14.674,11.022,14.700,11.022
0.851,9.471,0.777,9.545,1000,1000
8.322,26.125,1000,1000,1000,1000
9.347,13.346,1000,1000,1000,1000
14.058,11.382,1000,1000,1000,1000
7.436,4.904,1000,1000,1000,1000
12.302,9.429,12.331,9.458,12.269,9.422
4.634,7.822,4.638,7.818,4.622,7.810
4.948,9.445,1000,1000,1000,1000
12.130,13.019,12.137,13.026,12.153,13.078
9.566,18.581,9.586,18.593,1000,1000
7.203,10.351,7.263,10.319,7.259,10.407
0.898,1.610,0.844,1.664,1000,1000
16.125,9.420,1000,1000,1000,1000
20.436,14.457,20.408,14.429,1000,1000
4.613,3.925,1000,1000,1000,1000
10.012,18.439,10.010,18.437,10.037,18.464
11.806,7.541,1000,1000,1000,1000
5.474,11.915,5.405,11.902,1000,1000
11.596,20.214,11.633,20.251,1000,1000
7.975,4.890,7.943,4.948,7.896,4.969
12.247,13.665,1000,1000,1000,1000
15.225,5.520,15.286,5.483,15.256,5.551
13.266,1.591,13.189,1.668,13.185,1.672
4.311,15.384,4.260,15.397,4.313,15.386
18.555,13.965,18.583,13.993,1000,1000
15.412,14.527,15.426,14.513,1000,1000
21.185,12.196,21.196,12.207,21.192,12.203
11.110,13.369,1000,1000,1000,1000
12.457,8.055,12.405,8.079,12.468,8.142
0.851,2.862,1000,1000,1000,1000
19.955,2.255,19.961,2.333,19.969,2.269
3.752,26.105,3.708,26.093,1000,1000
2.604,6.788,1000,1000,1000,1000
13.858,11.762,1000,1000,1000,1000
9.149,15.349,9.188,15.310,9.120,15.378
1.663,8.056,1.623,8.016,1000,1000
11.677,21.331,11.724,21.354,1000,1000
8.476,6.392,8.472,6.342,1000,1000
4.016,8.923,3.988,8.895,4.024,8.931
7.883,10.105,7.889,10.111,1000,1000
9.552,8.753,1000,1000,1000,1000
6.927,9.483,6.937,9.409,6.982,9.454
17.832,4.627,1000,1000,1000,1000
9.493,5.675,1000,1000,1000,1000
12.295,13.967,12.300,13.972,1000,1000
8.733,8.425,8.733,8.485,1000,1000
8.691,4.560,1000,1000,1000,1000
13.226,15.370,1000,1000,1000,1000
9.846,18.205,1000,1000,1000,1000
13.479,20.463,13.486,20.506,1000,1000
10.385,0.288,10.365,0.282,1000,1000
8.720,25.451,8.767,25.404,1000,1000
15.224,19.691,15.278,19.745,15.237,19.724
12.083,12.775,12.072,12.840,12.070,12.842
9.737,17.756,9.721,17.772,1000,1000
11.975,10.712,11.965,10.686,12.006,10.645
18.659,6.337,1000,1000,1000,1000
15.623,5.120,15.586,5.157,15.649,5.176
9.937,18.696,9.902,18.731,1000,1000
0.049,14.477,1000,1000,1000,1000
14.029,8.361,13.979,8.349,14.016,8.312
3.900,9.821,3.883,9.768,3.890,9.811
13.766,0.781,1000,1000,1000,1000
7.747,6.153,1000,1000,1000,1000
10.132,6.218,10.203,6.289,10.190,6.276
4.551,17.600,4.536,17.585,4.537,17.586
18.636,14.670,18.592,14.626,1000,1000
7.586,8.193,1000,1000,1000,1000
17.402,8.098,1000,1000,1000,1000
4.401,7.648,4.439,7.610,4.434,7.677
3.339,13.836,1000,1000,1000,1000
8.747,10.958,1000,1000,1000,1000
19.941,19.933,1000,1000,1000,1000
10.141,15.949,10.230,15.938,1000,1000
16.925,13.866,16.941,13.882,16.903,13.926
6.691,8.102,1000,1000,1000,1000
13.765,2.695,1000,1000,1000,1000
17.004,13.810,17.001,13.875,17.067,13.809
17.875,11.065,17.924,11.114,1000,1000
8.762,6.570,1000,1000,1000,1000
18.148,9.124,1000,1000,1000,1000
15.889,12.870,1000,1000,1000,1000
6.040,4.733,6.035,4.692,6.028,4.699
18.107,17.568,18.185,17.586,18.166,17.627
13.788,14.277,13.708,14.293,1000,1000
4.457,15.224,4.417,15.264,1000,1000
12.217,6.599,12.180,6.546,12.153,6.535
8.223,20.268,1000,1000,1000,1000
7.320,11.530,1000,1000,1000,1000
5.035,9.979,1000,1000,1000,1000
5.053,7.515,1000,1000,1000,1000
12.066,12.339,12.036,12.309,1000,1000
8.786,9.247,8.772,9.245,8.809,9.270
11.654,4.909,11.703,4.934,11.625,4.856
10.623,14.534,10.590,14.561,1000,1000
6.298,6.320,1000,1000,1000,1000
2.416,7.469,1000,1000,1000,1000
2.059,18.362,1000,1000,1000,1000
9.002,14.773,1000,1000,1000,1000
19.396,13.059,1000,1000,1000,1000
11.391,16.194,1000,1000,1000,1000
21.776,9.624,1000,1000,1000,1000
8.754,11.665,1000,1000,1000,1000
16.405,2.789,1000,1000,1000,1000
9.684,3.025,9.648,3.043,9.683,3.026
3.739,0.420,3.745,0.426,3.710,0.391
19.694,13.972,1000,1000,1000,1000
10.345,5.260,10.318,5.233,1000,1000
10.590,18.668,10.571,18.687,10.536,18.664
0.872,2.600,0.836,2.636,0.825,2.647
7.893,16.125,7.835,16.119,1000,1000
12.954,11.148,13.004,11.166,1000,1000
10.284,3.277,10.325,3.318,10.320,3.241
3.722,5.138,3.651,5.209,1000,1000
3.750,9.379,3.742,9.381,3.718,9.411
6.808,9.431,6.832,9.407,6.824,9.415
5.230,10.130,1000,1000,1000,1000
12.513,8.009,1000,1000,1000,1000
14.594,5.130,14.622,5.074,1000,1000
10.429,6.471,1000,1000,1000,1000
25.551,2.737,25.578,2.764,25.593,2.717
1.980,2.101,1000,1000,1000,1000
9.348,7.416,1000,1000,1000,1000
12.247,14.138,1000,1000,1000,1000
8.746,14.981,8.751,14.894,1000,1000
17.307,12.399,17.292,12.328,17.243,12.335
10.391,1.922,10.395,1.984,10.396,1.983
12.707,14.594,1000,1000,1000,1000
7.247,11.466,7.301,11.520,1000,1000
3.215,11.123,1000,1000,1000,1000
8.559,9.065,8.564,9.064,8.578,9.078
10.294,18.131,10.321,18.064,10.325,18.100
8.041,14.449,1000,1000,1000,1000
5.491,10.346,1000,1000,1000,1000
23.227,12.126,23.293,12.150,23.267,12.166
16.541,7.272,16.522,7.303,16.573,7.304
3.366,9.656,3.385,9.675,1000,1000
8.849,14.125,8.784,14.060,1000,1000
12.263,14.523,12.331,14.591,12.256,14.610
16.303,9.519,16.256,9.472,1000,1000
10.502,4.385,1000,1000,1000,1000
10.399,11.362,10.445,11.386,10.445,11.386
8.831,4.771,8.850,4.752,8.850,4.752
5.603,14.069,5.630,14.096,1000,1000
13.915,17.493,13.957,17.451,1000,1000
7.075,8.374,7.078,8.377,1000,1000
21.172,5.104,21.212,5.056,21.151,5.083
7.780,4.859,1000,1000,1000,1000
4.351,0.623,4.352,0.624,4.429,0.701
2.865,9.023,2.840,9.040,2.838,9.038
9.846,8.653,1000,1000,1000,1000
1.701,9.176,1000,1000,1000,1000
1.875,9.369,1.818,9.356,1.819,9.313
29.288,9.847,29.260,9.887,1000,1000
8.670,1.252,8.600,1.240,8.641,1.199
4.861,12.490,1000,1000,1000,1000
15.486,2.091,15.534,2.139,1000,1000
17.362,14.216,1000,1000,1000,1000
14.935,13.279,14.990,13.334,1000,1000
26.795,0.092,1000,1000,1000,1000
2.501,21.825,2.485,21.809,1000,1000
13.606,11.938,13.555,11.935,1000,1000
5.555,7.177,1000,1000,1000,1000
10.108,24.237,1000,1000,1000,1000
7.404,9.485,7.439,9.532,1000,1000
5.368,5.650,1000,1000,1000,1000
2.770,4.599,2.782,4.611,1000,1000
10.794,13.227,1000,1000,1000,1000
11.940,7.621,1000,1000,1000,1000
4.388,5.909,1000,1000,1000,1000
1.580,13.039,1.553,13.012,1000,1000
21.278,8.830,21.351,8.855,21.371,8.923
5.717,16.520,1000,1000,1000,1000
2.870,16.859,2.863,16.834,2.881,16.848
11.958,0.174,11.949,0.165,11.929,0.141
12.804,14.049,1000,1000,1000,1000
24.629,9.920,24.677,9.968,24.690,9.923
5.697,9.917,5.631,9.929,5.719,9.841
13.822,10.411,1000,1000,1000,1000
1.544,5.371,1000,1000,1000,1000
11.642,5.331,11.684,5.299,1000,1000
11.887,2.994,11.918,2.927,1000,1000
8.853,6.085,8.806,6.038,1000,1000
18.444,0.342,1000,1000,1000,1000
13.105,17.149,13.137,17.161,13.175,17.219
14.854,15.775,1000,1000,1000,1000
8.348,4.693,8.303,4.674,8.365,4.710
11.776,22.324,1000,1000,1000,1000
5.507,5.834,5.478,5.889,1000,1000
7.214,0.283,1000,1000,1000,1000
11.971,8.145,11.960,8.212,1000,1000
14.613,3.019,1000,1000,1000,1000
5.717,12.156,5.713,12.090,1000,1000
9.795,5.238,9.818,5.261,1000,1000
9.144,7.550,1000,1000,1000,1000
3.459,10.165,3.475,10.217,3.461,10.231
8.519,15.975,8.509,15.985,1000,1000
8.931,6.944,9.002,6.971,1000,1000
4.973,23.298,1000,1000,1000,1000
12.897,16.114,1000,1000,1000,1000
6.260,3.818,6.280,3.762,6.281,3.797
9.750,10.555,9.765,10.610,9.810,10.615
10.556,2.919,1000,1000,1000,1000
3.189,11.548,3.167,11.570,1000,1000
4.848,9.027,4.756,9.119,1000,1000
16.555,8.149,1000,1000,1000,1000
17.220,0.556,17.207,0.543,1000,1000
17.571,11.115,1000,1000,1000,1000
9.048,12.767,1000,1000,1000,1000
17.123,11.687,17.158,11.722,17.134,11.732
19.436,3.999,19.430,3.993,1000,1000
9.604,0.463,9.596,0.471,9.606,0.461
13.805,16.596,13.792,16.543,13.813,16.604
1.229,3.884,1.187,3.842,1.207,3.862
7.702,12.962,1000,1000,1000,1000
12.275,14.519,1000,1000,1000,1000
11.274,13.354,11.263,13.343,1000,1000
11.513,14.929,11.554,14.902,11.529,14.913
10.922,21.296,10.885,21.259,10.911,21.285
17.866,3.954,17.868,4.050,1000,1000
5.882,7.051,1000,1000,1000,1000
13.539,12.151,13.560,12.204,1000,1000
3.768,5.749,3.838,5.679,1000,1000
17.884,13.761,17.905,13.782,1000,1000
5.554,9.962,1000,1000,1000,1000
30.121,6.317,30.164,6.274,1000,1000
9.067,4.802,9.041,4.776,9.062,4.797
13.334,8.914,1000,1000,1000,1000
22.873,14.043,22.881,14.013,1000,1000
11.909,5.562,1000,1000,1000,1000
20.051,12.574,20.031,12.594,1000,1000
4.919,12.242,1000,1000,1000,1000
23.115,7.757,23.202,7.764,23.192,7.680
2.702,5.773,2.636,5.747,1000,1000
14.353,14.798,14.360,14.791,14.395,14.808
12.152,1.141,1000,1000,1000,1000
14.880,16.990,14.882,17.064,14.862,17.008
4.958,11.695,4.940,11.731,1000,1000
6.480,27.237,6.490,27.247,1000,1000
6.456,7.005,6.498,7.063,6.487,7.052
5.371,14.830,5.388,14.835,1000,1000
18.955,17.584,1000,1000,1000,1000
0.770,0.451,0.757,0.464,0.777,0.484
18.007,3.435,1000,1000,1000,1000
6.016,17.340,6.049,17.373,6.034,17.358
8.274,7.058,8.283,7.049,1000,1000
9.741,14.902,9.810,14.873,1000,1000
19.304,10.070,19.334,10.018,1000,1000
12.276,8.775,12.200,8.777,12.260,8.837
8.407,5.631,8.464,5.606,8.403,5.627
7.768,2.799,1000,1000,1000,1000
22.389,13.079,22.344,13.132,22.371,13.097
31.950,9.738,31.938,9.756,1000,1000
12.641,1.607,12.611,1.577,1000,1000
11.058,17.041,11.033,17.016,1000,1000
4.264,16.683,4.242,16.631,1000,1000
12.661,10.441,1000,1000,1000,1000
4.705,8.959,1000,1000,1000,1000
13.708,7.482,13.688,7.462,1000,1000
13.588,1.839,13.635,1.792,13.605,1.822
12.575,9.998,1000,1000,1000,1000
16.035,0.386,1000,1000,1000,1000
9.971,0.210,9.908,0.273,1000,1000
9.460,13.541,9.443,13.558,9.460,13.541
6.266,5.584,6.246,5.528,6.230,5.548
9.689,0.687,9.739,0.737,1000,1000
9.109,11.072,9.055,11.018,1000,1000
17.877,3.610,1000,1000,1000,1000
4.655,12.685,4.590,12.620,1000,1000
1.082,19.183,1000,1000,1000,1000
15.839,9.396,15.788,9.369,1000,1000
1.479,10.250,1000,1000,1000,1000
6.936,20.986,6.875,21.047,6.848,20.974
2.078,3.877,2.108,3.861,1000,1000
6.711,7.638,1000,1000,1000,1000
11.013,2.115,11.033,2.095,1000,1000
19.085,16.787,19.059,16.783,1000,1000
12.411,18.085,12.424,18.026,12.476,18.020
14.462,19.033,14.436,18.995,14.475,18.956
4.864,10.172,4.929,10.183,4.905,10.213
8.420,19.396,8.432,19.400,8.449,19.417
13.262,15.819,13.268,15.813,13.316,15.823
4.379,3.157,4.350,3.186,4.381,3.155
6.292,7.926,6.237,7.925,6.286,7.920
2.174,7.630,1000,1000,1000,1000
12.307,5.861,12.289,5.879,1000,1000
5.167,12.285,5.096,12.214,1000,1000
9.017,9.533,8.976,9.492,9.023,9.533
3.154,14.130,1000,1000,1000,1000
6.349,9.723,6.388,9.762,1000,1000
10.091,4.581,1000,1000,1000,1000
13.202,6.945,1000,1000,1000,1000
20.968,0.857,1000,1000,1000,1000
3.409,23.811,3.353,23.867,1000,1000
6.715,8.082,6.738,8.059,6.754,8.087
9.640,2.583,9.673,2.550,9.632,2.591
11.392,1.747,11.362,1.799,1000,1000
8.963,9.981,9.031,9.991,9.023,9.983
2.785,10.650,2.785,10.702,2.723,10.640
18.809,15.588,1000,1000,1000,1000
7.269,7.089,7.210,7.064,1000,1000
5.981,9.857,1000,1000,1000,1000
1.708,12.850,1.673,12.791,1.738,12.856
10.859,24.332,1000,1000,1000,1000
8.863,19.360,8.902,19.399,8.873,19.370
6.663,7.995,6.636,7.950,1000,1000
0.408,19.777,1000,1000,1000,1000
11.099,9.160,11.111,9.148,1000,1000
3.061,15.675,3.103,15.653,3.134,15.602
15.025,10.515,15.022,10.426,15.026,10.516
22.959,8.078,1000,1000,1000,1000
0.531,4.671,0.487,4.647,1000,1000
11.351,6.890,1000,1000,1000,1000
19.103,19.113,1000,1000,1000,1000
14.357,14.857,1000,1000,1000,1000
11.838,12.580,11.823,12.565,1000,1000
4.520,14.502,4.517,14.513,4.553,14.535
16.772,5.883,1000,1000,1000,1000
15.259,8.053,15.290,8.056,15.308,8.038
8.425,5.128,8.368,5.123,8.385,5.088
15.496,7.691,1000,1000,1000,1000
7.587,6.254,7.572,6.245,1000,1000
9.467,6.117,9.497,6.129,1000,1000
22.202,17.331,22.242,17.371,22.263,17.352
12.142,1.719,12.132,1.633,12.222,1.723
9.621,3.673,9.679,3.731,1000,1000
18.800,11.769,18.821,11.790,18.804,11.779
6.448,8.313,6.466,8.331,1000,1000
4.475,5.990,4.519,5.946,1000,1000
14.066,7.491,14.136,7.489,1000,1000
14.213,1.880,14.270,1.887,1000,1000
21.442,17.810,1000,1000,1000,1000
10.102,12.575,1000,1000,1000,1000
5.813,0.229,5.768,0.274,5.770,0.272
5.082,5.091,5.085,5.088,5.065,5.134
8.639,13.865,8.647,13.903,8.652,13.898
2.512,7.529,2.531,7.510,2.507,7.534
9.361,13.381,9.383,13.403,9.373,13.393
2.950,3.067,1000,1000,1000,1000
11.597,4.619,11.591,4.705,1000,1000
11.816,12.794,11.832,12.822,11.859,12.795
16.149,3.527,16.095,3.581,1000,1000
17.912,5.577,17.916,5.513,17.893,5.558
5.696,6.120,5.720,6.126,1000,1000
8.116,5.515,8.131,5.584,1000,1000
12.037,10.395,1000,1000,1000,1000
16.320,16.339,16.311,16.330,1000,1000
5.547,11.223,5.566,11.242,1000,1000
4.261,8.857,4.300,8.896,4.264,8.860
26.245,8.604,1000,1000,1000,1000
15.255,14.956,15.285,14.926,15.321,14.948
13.835,9.436,13.814,9.461,13.861,9.462
6.585,9.016,1000,1000,1000,1000
6.051,16.316,1000,1000,1000,1000
7.058,13.304,7.099,13.343,1000,1000
8.785,9.146,1000,1000,1000,1000
5.720,6.722,1000,1000,1000,1000
14.784,10.691,14.760,10.667,14.734,10.641
7.684,6.106,7.674,6.096,7.684,6.178
2.329,21.831,1000,1000,1000,1000
8.632,11.234,8.592,11.194,8.621,11.223
1.541,7.342,1000,1000,1000,1000
1.830,2.757,1.829,2.846,1000,1000
7.091,3.098,7.023,3.108,7.067,3.122
14.934,18.298,1000,1000,1000,1000
17.739,1.585,17.749,1.575,17.764,1.650
11.180,0.963,11.187,0.892,1000,1000
8.411,5.664,8.381,5.634,1000,1000
6.696,8.556,6.689,8.563,6.648,8.522
7.061,0.757,1000,1000,1000,1000
11.313,5.957,1000,1000,1000,1000
15.846,6.514,1000,1000,1000,1000
13.213,7.700,13.233,7.720,13.203,7.716
8.275,2.678,8.303,2.706,1000,1000
23.890,5.221,23.917,5.252,1000,1000
4.482,0.812,4.424,0.772,4.412,0.784
3.698,11.208,1000,1000,1000,1000
10.843,9.350,10.888,9.323,10.907,9.286
6.354,5.814,1000,1000,1000,1000
16.708,8.623,16.720,8.597,1000,1000
16.915,18.875,16.922,18.882,1000,1000
8.418,4.661,8.417,4.706,8.375,4.704
13.773,12.782,1000,1000,1000,1000
13.021,10.055,1000,1000,1000,1000
8.107,17.748,1000,1000,1000,1000
2.902,11.500,2.950,11.506,1000,1000
12.160,5.809,12.160,5.809,1000,1000
6.403,3.600,6.384,3.547,1000,1000
7.818,9.370,7.818,9.370,1000,1000
21.771,11.196,21.799,11.168,21.772,11.167
4.694,1.901,4.615,1.980,4.694,1.993
13.162,8.555,13.094,8.563,13.148,8.617
6.752,10.017,6.741,9.950,6.675,9.940
8.404,17.257,8.444,17.265,1000,1000
6.494,19.089,6.537,19.046,1000,1000
0.076,2.942,0.040,2.956,0.043,2.953
11.935,8.383,11.999,8.319,1000,1000
4.145,7.173,1000,1000,1000,1000
19.451,7.057,19.536,7.072,1000,1000
12.301,10.940,12.315,10.954,1000,1000
13.211,8.007,13.187,7.975,1000,1000
20.812,20.292,1000,1000,1000,1000
8.187,21.478,8.172,21.463,8.195,21.484
16.765,12.575,16.776,12.564,1000,1000
16.500,9.939,16.461,9.888,1000,1000
14.250,12.355,14.209,12.396,1000,1000
1.146,11.273,1000,1000,1000,1000
13.971,13.550,13.920,13.601,1000,1000
13.178,10.082,1000,1000,1000,1000
9.257,6.778,1000,1000,1000,1000
16.416,8.002,1000,1000,1000,1000
10.269,18.097,10.239,18.067,1000,1000
2.696,9.330,2.764,9.312,2.716,9.350
11.742,6.094,11.790,6.132,1000,1000
12.023,22.230,1000,1000,1000,1000
5.681,7.507,5.703,7.485,5.723,7.465
4.244,9.189,4.217,9.142,4.225,9.134
16.018,7.637,1000,1000,1000,1000
4.094,7.060,4.156,6.998,4.071,6.997
19.445,4.395,19.461,4.401,1000,1000
12.939,2.660,1000,1000,1000,1000
17.640,4.631,1000,1000,1000,1000
6.458,0.724,6.505,0.771,6.505,0.771
5.603,15.927,5.687,15.915,1000,1000
13.494,8.210,13.524,8.220,13.477,8.193
10.133,9.830,10.133,9.782,10.119,9.844
13.452,0.398,13.451,0.397,1000,1000
15.569,15.505,15.537,15.473,1000,1000
13.606,6.500,13.575,6.531,13.616,6.588
1.641,16.901,1.617,16.975,1.566,16.924
14.409,19.164,1000,1000,1000,1000
9.554,22.089,9.592,22.053,9.568,22.029
3.624,0.128,1000,1000,1000,1000
10.312,13.106,10.264,13.078,1000,1000
11.899,9.396,1000,1000,1000,1000
4.643,9.394,1000,1000,1000,1000
4.445,6.389,4.406,6.428,1000,1000
12.788,8.866,1000,1000,1000,1000
4.266,7.740,4.339,7.667,4.261,7.669
15.499,18.902,15.503,18.898,1000,1000
8.278,10.993,8.336,10.935,8.323,10.948
13.980,10.187,1000,1000,1000,1000
11.746,14.306,11.725,14.275,1000,1000
17.880,7.721,17.881,7.720,17.829,7.772
18.464,3.337,18.533,3.350,1000,1000
15.377,5.005,15.363,5.083,15.418,5.028
9.506,3.177,1000,1000,1000,1000
5.381,17.889,5.411,17.859,5.403,17.817
6.969,7.225,1000,1000,1000,1000
19.755,9.154,1000,1000,1000,1000
12.516,18.006,1000,1000,1000,1000
16.562,9.570,16.524,9.630,16.551,9.581
17.654,0.721,17.680,0.747,17.725,0.792
2.561,11.054,2.510,11.003,1000,1000
15.198,11.555,1000,1000,1000,1000
13.839,10.613,13.901,10.675,1000,1000
5.949,8.996,5.935,9.002,5.974,8.971
11.294,1.323,11.366,1.395,11.324,1.383
16.556,3.197,16.530,3.133,1000,1000
7.895,12.936,7.862,12.979,1000,1000
14.044,4.726,14.051,4.733,14.038,4.720
6.131,11.162,6.160,11.121,6.143,11.150
4.430,10.769,1000,1000,1000,1000
15.987,6.653,15.966,6.674,15.981,6.697
15.694,1.141,1000,1000,1000,1000
10.963,11.432,1000,1000,1000,1000
11.836,7.894,1000,1000,1000,1000
21.879,11.098,21.929,11.148,1000,1000
0.835,9.836,0.799,9.872,1000,1000
10.474,13.531,10.448,13.505,10.440,13.531
16.363,7.227,16.365,7.225,1000,1000
7.219,8.375,1000,1000,1000,1000
1.816,13.047,1.807,13.056,1000,1000
7.437,11.011,7.445,10.919,7.490,10.958
7.459,18.225,1000,1000,1000,1000
8.017,13.382,8.050,13.439,1000,1000
11.433,11.643,1000,1000,1000,1000
11.556,8.475,11.590,8.463,1000,1000
8.209,13.196,1000,1000,1000,1000
12.451,6.475,1000,1000,1000,1000
18.919,3.669,18.896,3.646,1000,1000
0.026,8.484,0.079,8.495,1000,1000
8.478,9.588,8.520,9.630,1000,1000
15.619,14.902,15.626,14.957,15.654,14.937
4.639,11.765,4.662,11.742,4.670,11.780
20.572,6.374,20.560,6.386,1000,1000
4.108,12.379,4.075,12.392,1000,1000
4.673,12.796,1000,1000,1000,1000
12.550,11.963,1000,1000,1000,1000
6.642,3.230,6.571,3.213,6.639,3.233
8.382,17.916,8.378,17.920,8.335,17.899
8.491,8.778,8.492,8.777,8.469,8.800
15.382,18.766,1000,1000,1000,1000
9.713,11.853,1000,1000,1000,1000
13.370,10.338,1000,1000,1000,1000
10.273,8.478,1000,1000,1000,1000
9.507,6.337,9.514,6.344,9.467,6.297
0.066,1.103,1000,1000,1000,1000
16.201,-0.009,1000,1000,1000,1000
5.074,3.167,1000,1000,1000,1000
12.710,9.460,12.731,9.481,1000,1000
12.027,14.468,1000,1000,1000,1000
7.474,8.948,7.463,8.975,1000,1000
8.048,7.781,1000,1000,1000,1000
3.966,9.786,3.998,9.818,4.061,9.881
7.292,8.538,7.245,8.491,7.255,8.531
6.922,16.412,6.905,16.435,6.917,16.417
9.421,5.888,1000,1000,1000,1000
18.843,12.789,1000,1000,1000,1000
16.415,8.178,16.383,8.210,1000,1000
7.597,2.914,1000,1000,1000,1000
10.488,21.649,10.538,21.623,1000,1000
12.066,6.432,1000,1000,1000,1000
8.526,13.250,8.470,13.254,1000,1000
4.936,15.495,4.930,15.577,1000,1000
11.817,12.986,11.825,12.930,11.829,12.926
9.916,5.177,9.889,5.216,9.914,5.241
13.304,9.047,13.304,9.047,13.324,9.041
12.125,11.132,1000,1000,1000,1000
10.793,3.825,1000,1000,1000,1000
5.142,15.041,5.132,15.005,1000,1000
5.504,7.647,5.510,7.659,1000,1000
12.845,9.680,1000,1000,1000,1000
4.958,18.282,4.963,18.317,1000,1000
26.010,4.326,26.078,4.258,1000,1000
8.308,5.431,8.392,5.423,1000,1000
5.939,12.220,1000,1000,1000,1000
0.490,17.418,0.557,17.437,1000,1000
12.171,19.363,12.091,19.365,12.149,19.307
13.282,15.312,1000,1000,1000,1000
9.712,4.733,9.790,4.811,9.749,4.776
6.946,7.650,7.005,7.709,1000,1000
14.284,10.525,14.289,10.556,1000,1000
16.797,3.399,1000,1000,1000,1000
8.375,8.537,8.318,8.594,8.345,8.567
18.575,23.220,1000,1000,1000,1000
6.358,7.830,6.315,7.787,6.384,7.802
8.910,6.048,1000,1000,1000,1000
15.921,11.315,15.937,11.309,1000,1000
12.693,9.621,1000,1000,1000,1000
15.765,6.493,15.744,6.564,1000,1000
9.389,2.008,9.381,2.000,9.415,1.994
5.894,10.692,5.890,10.768,5.817,10.769
12.037,15.271,12.000,15.248,12.009,15.239
13.780,9.067,13.829,9.110,13.853,9.086
7.299,12.397,7.232,12.464,7.220,12.414
11.340,14.175,11.277,14.238,11.291,14.210
4.554,0.478,4.520,0.444,4.500,0.522
4.927,5.661,1000,1000,1000,1000
10.561,2.404,10.524,2.383,1000,1000
12.713,10.901,12.700,10.888,1000,1000
16.192,11.101,1000,1000,1000,1000
0.435,19.987,0.438,19.984,0.447,19.975
1.621,11.864,1.623,11.926,1.597,11.888
18.546,8.113,18.600,8.059,1000,1000
12.367,4.903,1000,1000,1000,1000
7.118,14.780,7.203,14.769,7.164,14.730
2.756,12.750,1000,1000,1000,1000
5.299,2.785,1000,1000,1000,1000
11.491,2.940,11.519,2.904,1000,1000
6.974,9.566,6.980,9.572,1000,1000
14.184,10.849,14.188,10.845,1000,1000
17.272,15.672,17.272,15.672,17.264,15.680
0.786,11.079,1000,1000,1000,1000
18.759,13.162,18.775,13.146,1000,1000
9.115,5.093,9.078,5.132,9.039,5.169
14.516,22.684,1000,1000,1000,1000
1.834,11.055,1000,1000,1000,1000
20.433,13.969,1000,1000,1000,1000
18.322,15.892,18.329,15.899,18.317,15.887
12.646,10.306,1000,1000,1000,1000
21.242,2.978,21.252,2.968,1000,1000
23.564,11.420,23.541,11.443,23.561,11.423
10.504,4.174,10.510,4.160,10.475,4.195
7.323,16.904,7.294,16.933,1000,1000
9.693,8.471,9.778,8.556,9.705,8.483
14.510,22.043,14.573,22.048,1000,1000
9.474,11.303,9.494,11.323,9.541,11.298
7.293,6.580,1000,1000,1000,1000
14.303,6.590,1000,1000,1000,1000
7.973,2.573,8.051,2.495,8.019,2.533
12.232,6.642,12.258,6.668,1000,1000
17.779,9.234,1000,1000,1000,1000
15.505,16.546,1000,1000,1000,1000
9.904,12.426,1000,1000,1000,1000
5.819,2.056,5.819,2.056,5.845,2.082
6.318,19.800,6.277,19.759,6.247,19.819
24.180,8.658,1000,1000,1000,1000
6.924,10.867,1000,1000,1000,1000
11.527,8.251,11.443,8.265,1000,1000
13.076,22.328,13.084,22.336,13.019,22.323
9.038,6.649,1000,1000,1000,1000
12.480,8.524,1000,1000,1000,1000
2.283,12.340,1000,1000,1000,1000
0.686,3.922,0.719,3.889,1000,1000
16.587,2.609,16.585,2.653,16.586,2.608
10.376,13.451,10.415,13.464,1000,1000
4.002,15.143,4.003,15.198,3.993,15.152
12.230,21.374,12.243,21.387,12.235,21.379
21.895,18.624,21.896,18.535,1000,1000
11.542,3.206,11.478,3.270,1000,1000
18.196,0.705,18.166,0.731,18.159,0.738
7.362,0.371,7.378,0.355,7.383,0.426
8.956,2.855,8.912,2.809,1000,1000
0.910,0.685,0.935,0.710,1000,1000
8.988,10.266,9.048,10.230,9.000,10.278
16.971,10.282,16.959,10.270,1000,1000
17.297,7.720,17.249,7.744,17.222,7.795
16.869,1.655,16.899,1.685,16.917,1.703
13.788,1.627,1000,1000,1000,1000
5.250,15.738,5.243,15.745,5.257,15.793
17.513,18.084,1000,1000,1000,1000
7.502,1.837,1000,1000,1000,1000
7.144,15.507,1000,1000,1000,1000
14.663,10.888,14.599,10.952,1000,1000
16.368,11.823,16.360,11.785,16.336,11.791
10.412,12.398,10.469,12.341,1000,1000
11.141,8.786,11.140,8.775,1000,1000
11.354,14.051,11.325,14.090,1000,1000
18.198,10.801,1000,1000,1000,1000
12.494,9.706,12.455,9.693,12.504,9.716
18.986,20.869,19.063,20.792,1000,1000
4.445,8.648,1000,1000,1000,1000
11.099,4.321,1000,1000,1000,1000
9.867,13.405,1000,1000,1000,1000
13.602,8.173,13.560,8.217,13.580,8.197
17.303,3.132,17.280,3.155,17.294,3.141
10.985,5.950,1000,1000,1000,1000
4.214,6.784,4.274,6.772,1000,1000
18.088,13.730,1000,1000,1000,1000
1.585,16.137,1.532,16.100,1000,1000
9.383,9.995,1000,1000,1000,1000
6.868,6.481,6.829,6.442,6.791,6.460
5.317,11.412,1000,1000,1000,1000
11.683,8.362,11.654,8.333,11.708,8.337
13.505,18.705,1000,1000,1000,1000
10.861,1.920,1000,1000,1000,1000
9.700,14.869,9.666,14.917,9.654,14.905
18.025,14.774,18.048,14.797,18.019,14.768
3.710,13.374,3.650,13.354,3.650,13.434
11.419,4.878,11.399,4.940,1000,1000
7.633,6.262,1000,1000,1000,1000
13.356,7.663,1000,1000,1000,1000
13.206,10.785,13.199,10.778,1000,1000
0.755,4.567,0.731,4.543,0.754,4.566
9.563,0.837,1000,1000,1000,1000
11.278,10.333,1000,1000,1000,1000
14.318,1.745,14.314,1.741,14.340,1.687
1.365,9.316,1.397,9.348,1000,1000
13.041,13.450,12.957,13.452,1000,1000
13.267,3.306,1000,1000,1000,1000
0.120,10.263,1000,1000,1000,1000
7.986,5.188,7.995,5.173,1000,1000
6.233,14.420,6.260,14.359,1000,1000
11.714,3.986,11.781,3.919,11.718,3.982
15.642,11.328,15.674,11.390,1000,1000
7.853,11.538,1000,1000,1000,1000
7.574,15.199,7.534,15.239,7.600,15.173
13.642,9.810,13.676,9.776,1000,1000
13.753,11.404,1000,1000,1000,1000
10.506,6.384,10.446,6.400,1000,1000
11.297,3.423,1000,1000,1000,1000
13.230,11.319,13.245,11.334,1000,1000
10.601,11.397,10.559,11.349,1000,1000
28.324,2.504,28.282,2.534,28.307,2.509
8.332,3.324,8.359,3.293,1000,1000
9.072,6.288,9.016,6.300,9.063,6.297
7.017,4.309,7.065,4.257,7.021,4.213
8.173,3.614,8.169,3.610,8.206,3.547
1.221,10.150,1.238,10.167,1000,1000
12.017,9.628,12.092,9.703,12.034,9.691
9.542,8.150,1000,1000,1000,1000
20.895,0.967,1000,1000,1000,1000
11.380,15.006,11.364,14.932,11.319,14.945
12.622,2.636,12.672,2.600,12.621,2.549
14.233,10.753,14.233,10.753,14.307,10.755
25.955,18.452,1000,1000,1000,1000
