17.122,7.365,17.154,7.429,17.143,7.386
8.358,9.262,8.319,9.223,8.296,9.274
6.220,3.222,1000,1000,1000,1000
13.785,8.812,1000,1000,1000,1000
5.396,8.630,5.440,8.610,5.409,8.579
0.259,3.716,0.328,3.647,1000,1000
16.545,6.652,16.556,6.663,1000,1000
0.064,2.762,0.058,2.818,1000,1000
5.036,14.629,5.022,14.643,5.051,14.614
9.808,7.741,9.753,7.686,1000,1000
13.854,0.448,13.846,0.456,13.858,0.444
2.957,21.073,2.985,21.101,1000,1000
20.556,1.601,20.563,1.594,20.545,1.612
16.397,11.046,16.305,11.052,1000,1000
8.500,3.902,8.481,3.921,8.533,3.955
16.237,13.301,16.294,13.330,16.286,13.350
5.842,12.058,5.818,12.036,1000,1000
15.717,11.744,15.648,11.813,15.677,11.802
12.809,15.876,12.825,15.954,1000,1000
6.761,6.893,6.704,6.836,6.687,6.819
20.244,1.559,1000,1000,1000,1000
2.260,15.524,2.202,15.506,1000,1000
7.715,14.034,7.665,14.084,1000,1000
4.447,18.053,4.493,18.099,1000,1000
6.420,1.634,1000,1000,1000,1000
12.588,2.027,12.559,2.056,1000,1000
2.953,10.658,2.909,10.614,1000,1000
6.429,19.567,1000,1000,1000,1000
2.779,0.287,1000,1000,1000,1000
6.901,8.795,6.880,8.774,1000,1000
6.461,14.891,6.381,14.971,6.469,14.961
9.754,4.368,1000,1000,1000,1000
12.501,14.512,1000,1000,1000,1000
0.765,7.519,1000,1000,1000,1000
6.765,4.890,1000,1000,1000,1000
14.692,13.517,14.668,13.493,1000,1000
6.405,20.079,6.355,20.029,1000,1000
10.255,5.797,10.279,5.773,10.226,5.826
10.937,10.354,10.975,10.352,1000,1000
10.157,1.301,1000,1000,1000,1000
4.181,12.814,4.207,12.780,4.130,12.857
5.909,14.804,5.850,14.817,1000,1000
19.405,11.660,19.407,11.610,19.461,11.664
12.333,1.498,12.341,1.506,12.311,1.476
10.883,25.361,1000,1000,1000,1000
4.702,6.665,4.742,6.705,1000,1000
13.491,8.877,1000,1000,1000,1000
10.375,8.423,10.305,8.493,10.319,8.453
7.674,3.001,1000,1000,1000,1000
1.181,14.619,1000,1000,1000,1000
2.177,0.765,2.148,0.818,1000,1000
13.266,3.916,13.290,3.940,13.240,3.890
10.360,9.853,10.368,9.845,10.348,9.865
7.198,5.965,7.273,5.890,7.245,5.918
5.705,0.938,5.783,0.860,1000,1000
11.065,6.293,11.092,6.232,11.077,6.217
7.323,16.110,7.277,16.084,7.277,16.084
20.026,1.518,1000,1000,1000,1000
17.778,5.305,17.818,5.283,17.835,5.300
9.472,11.133,9.494,11.133,9.528,11.189
15.803,10.397,15.820,10.416,15.794,10.406
24.861,17.421,1000,1000,1000,1000
17.468,12.199,1000,1000,1000,1000
16.147,4.894,16.091,4.838,1000,1000
6.056,1.604,6.020,1.630,6.101,1.549
10.387,7.070,1000,1000,1000,1000
17.062,14.987,17.048,14.991,17.085,14.954
12.161,2.855,12.153,2.843,1000,1000
9.932,3.892,9.931,3.893,9.925,3.909
4.840,2.445,1000,1000,1000,1000
4.417,13.416,4.508,13.415,1000,1000
11.722,6.311,11.761,6.318,1000,1000
4.752,13.465,4.690,13.403,4.727,13.440
5.095,7.112,5.074,7.055,5.053,7.070
8.305,2.897,8.360,2.952,1000,1000
14.711,16.193,1000,1000,1000,1000
16.872,8.342,16.855,8.325,1000,1000
12.759,14.931,1000,1000,1000,1000
0.702,13.163,0.681,13.184,1000,1000
7.760,3.033,7.747,3.046,7.755,3.070
9.420,19.984,1000,1000,1000,1000
16.583,13.322,16.599,13.306,16.532,13.311
16.712,9.540,16.705,9.547,16.645,9.543
15.636,14.219,15.652,14.249,15.676,14.273
18.039,8.450,18.019,8.470,18.027,8.462
11.815,7.677,11.842,7.650,11.805,7.621
14.969,13.261,14.944,13.276,14.963,13.295
15.343,2.955,1000,1000,1000,1000
9.398,1.315,9.418,1.295,1000,1000
7.549,23.568,7.564,23.605,7.516,23.601
0.192,13.767,0.163,13.796,0.142,13.719
11.526,1.973,11.464,1.949,11.464,1.911
0.508,9.318,0.456,9.266,0.440,9.334
12.228,2.157,12.226,2.141,1000,1000
21.826,5.284,1000,1000,1000,1000
6.249,6.855,6.321,6.847,1000,1000
7.468,16.285,7.431,16.322,1000,1000
2.459,7.230,2.450,7.221,1000,1000
10.427,1.353,1000,1000,1000,1000
21.549,16.160,21.560,16.177,21.588,16.149
16.059,7.291,1000,1000,1000,1000
5.149,10.387,5.151,10.389,5.146,10.304
8.697,9.360,8.655,9.362,1000,1000
3.535,20.319,3.512,20.342,3.555,20.369
0.252,6.784,1000,1000,1000,1000
11.453,17.603,11.476,17.580,11.521,17.589
11.370,19.669,11.353,19.652,11.316,19.689
8.652,6.509,1000,1000,1000,1000
5.005,14.178,5.064,14.237,1000,1000
9.217,4.574,9.264,4.537,1000,1000
8.030,12.974,8.020,12.948,1000,1000
3.629,8.096,3.637,8.166,1000,1000
3.031,6.362,3.043,6.368,1000,1000
20.305,4.454,1000,1000,1000,1000
9.429,7.483,1000,1000,1000,1000
14.483,2.985,14.453,2.955,1000,1000
6.981,19.853,7.039,19.911,7.058,19.836
6.084,2.604,6.162,2.608,1000,1000
10.841,6.636,1000,1000,1000,1000
2.946,6.678,2.978,6.638,2.931,6.663
7.699,10.851,7.689,10.841,1000,1000
8.774,8.124,8.740,8.154,8.792,8.142
9.475,2.973,9.453,2.995,9.522,2.926
12.792,7.021,12.798,6.999,12.780,7.017
2.655,13.451,2.677,13.429,2.741,13.365
5.650,2.501,5.575,2.576,5.637,2.514
9.630,12.875,1000,1000,1000,1000
2.083,11.303,2.119,11.267,1000,1000
8.819,14.525,8.820,14.524,1000,1000
16.028,11.032,15.972,10.976,15.939,11.039
4.413,10.413,4.423,10.383,4.425,10.401
4.099,11.396,1000,1000,1000,1000
16.436,9.278,1000,1000,1000,1000
4.738,9.767,4.814,9.843,1000,1000
12.970,7.316,12.977,7.323,12.957,7.293
7.359,5.302,7.367,5.246,1000,1000
13.109,9.351,13.088,9.356,1000,1000
16.755,6.851,16.833,6.929,1000,1000
10.845,7.083,10.906,7.022,1000,1000
6.611,7.546,6.581,7.516,1000,1000
12.208,10.415,12.203,10.468,1000,1000
4.528,11.038,4.537,11.003,1000,1000
0.318,8.323,0.265,8.270,1000,1000
17.007,6.455,17.053,6.409,17.021,6.459
3.713,8.122,3.667,8.168,1000,1000
4.443,2.561,1000,1000,1000,1000
15.006,4.849,1000,1000,1000,1000
17.270,8.746,17.285,8.761,17.286,8.762
12.005,13.323,11.951,13.337,1000,1000
15.629,13.182,15.649,13.156,1000,1000
11.792,17.678,11.779,17.595,11.737,17.623
17.682,6.051,1000,1000,1000,1000
9.644,7.148,9.646,7.150,1000,1000
2.576,1.694,2.582,1.744,2.582,1.744
8.960,7.184,1000,1000,1000,1000
7.784,13.346,7.818,13.412,7.801,13.395
8.951,3.458,8.954,3.477,8.986,3.509
4.586,4.254,1000,1000,1000,1000
9.219,2.231,1000,1000,1000,1000
9.605,12.620,1000,1000,1000,1000
15.821,12.961,15.846,12.968,1000,1000
9.119,4.508,1000,1000,1000,1000
13.649,0.391,1000,1000,1000,1000
8.471,3.547,8.403,3.553,8.457,3.607
16.125,6.298,16.052,6.225,1000,1000
0.501,4.231,0.493,4.239,0.533,4.293
13.413,11.822,13.429,11.854,1000,1000
6.904,9.410,1000,1000,1000,1000
4.508,4.843,4.495,4.902,1000,1000
3.336,6.063,3.382,6.109,1000,1000
9.222,10.144,9.281,10.135,1000,1000
20.183,0.244,20.187,0.240,1000,1000
11.971,1.066,12.005,1.100,1000,1000
9.710,7.714,9.675,7.679,1000,1000
7.580,13.986,7.557,13.963,1000,1000
10.684,14.924,1000,1000,1000,1000
9.465,9.953,9.501,9.919,9.476,9.964
7.870,7.898,7.842,7.836,1000,1000
26.334,12.067,26.350,12.149,26.381,12.118
7.616,10.403,7.682,10.337,7.615,10.404
10.758,7.239,1000,1000,1000,1000
6.338,16.197,1000,1000,1000,1000
5.212,17.069,1000,1000,1000,1000
14.550,6.101,14.544,6.107,14.528,6.113
13.504,14.486,13.472,14.444,13.491,14.473
7.733,3.885,1000,1000,1000,1000
5.383,18.762,5.317,18.828,1000,1000
5.743,1.728,5.711,1.684,5.704,1.689
7.537,4.518,7.514,4.553,7.536,4.575
6.093,4.684,6.030,4.709,1000,1000
4.626,17.019,4.629,17.016,4.673,16.972
16.180,6.226,16.164,6.192,16.150,6.256
8.809,13.559,8.798,13.548,8.796,13.584
25.795,11.589,1000,1000,1000,1000
9.796,13.459,9.829,13.426,9.809,13.390
2.761,14.052,1000,1000,1000,1000
7.464,16.142,7.470,16.162,1000,1000
3.892,12.376,3.932,12.318,3.989,12.375
14.404,11.795,1000,1000,1000,1000
1.367,11.797,1.323,11.755,1000,1000
