14.098,1.926,1000,1000,1000,1000
7.146,7.669,1000,1000,1000,1000
12.663,15.155,1000,1000,1000,1000
8.125,7.640,1000,1000,1000,1000
12.462,14.123,12.429,14.090,1000,1000
7.960,19.934,7.906,19.964,1000,1000
7.575,1.679,7.621,1.731,1000,1000
6.224,11.013,6.271,11.060,6.241,10.996
11.464,18.700,11.472,18.730,11.483,18.681
3.718,9.288,3.693,9.347,3.735,9.305
13.320,5.606,13.361,5.613,1000,1000
3.994,15.422,3.976,15.370,1000,1000
13.318,3.617,13.278,3.645,13.305,3.672
14.748,7.125,14.740,7.059,14.751,7.128
7.030,11.670,7.022,11.678,1000,1000
13.666,12.848,13.669,12.851,1000,1000
6.946,8.640,6.898,8.688,1000,1000
9.773,10.202,9.790,10.219,9.844,10.227
8.490,14.505,8.545,14.516,8.493,14.568
9.560,15.652,9.567,15.743,1000,1000
10.021,16.311,10.008,16.324,1000,1000
8.926,10.319,1000,1000,1000,1000
13.032,24.278,13.017,24.247,13.048,24.262
7.974,10.159,7.948,10.185,1000,1000
15.105,6.356,15.039,6.422,1000,1000
13.995,14.512,13.940,14.457,1000,1000
8.834,18.929,8.856,18.905,1000,1000
15.453,2.064,15.386,2.039,15.430,2.083
10.961,4.947,1000,1000,1000,1000
6.510,13.831,6.563,13.814,1000,1000
1.186,7.286,1.140,7.316,1.130,7.342
10.066,5.889,1000,1000,1000,1000
12.579,11.269,12.658,11.274,12.626,11.316
6.982,6.466,6.974,6.440,1000,1000
13.502,10.518,13.555,10.477,13.575,10.497
12.779,3.314,1000,1000,1000,1000
12.842,17.861,1000,1000,1000,1000
7.093,10.719,1000,1000,1000,1000
10.732,6.813,10.794,6.837,1000,1000
10.999,4.742,10.993,4.746,11.040,4.783
6.963,13.879,6.957,13.847,1000,1000
13.477,13.853,13.474,13.856,13.487,13.843
14.993,13.338,1000,1000,1000,1000
19.063,7.790,19.042,7.803,1000,1000
6.127,13.968,6.141,13.954,1000,1000
3.409,1.472,1000,1000,1000,1000
7.108,3.448,7.109,3.449,1000,1000
9.812,10.042,9.774,10.048,9.745,10.019
18.625,5.406,1000,1000,1000,1000
18.312,2.350,18.271,2.311,18.278,2.384
13.094,12.306,13.088,12.316,13.088,12.316
6.163,6.084,1000,1000,1000,1000
11.448,12.754,11.458,12.744,1000,1000
16.078,16.679,16.019,16.620,16.047,16.692
0.837,14.906,1000,1000,1000,1000
1.415,6.287,1.353,6.225,1000,1000
9.701,13.447,9.696,13.488,9.748,13.494
21.670,18.152,21.648,18.174,21.647,18.175
25.052,14.241,1000,1000,1000,1000
10.428,15.513,1000,1000,1000,1000
13.271,3.351,13.254,3.360,13.243,3.349
4.062,9.440,4.048,9.426,1000,1000
17.072,12.183,17.036,12.135,17.030,12.141
11.478,11.833,11.563,11.830,11.555,11.756
15.241,7.568,1000,1000,1000,1000
19.819,11.585,19.782,11.632,19.775,11.639
12.198,4.700,12.204,4.696,12.229,4.669
9.855,18.413,1000,1000,1000,1000
3.218,7.164,1000,1000,1000,1000
14.441,9.626,14.473,9.682,14.511,9.696
0.223,8.848,0.233,8.924,1000,1000
2.467,23.230,2.450,23.213,1000,1000
5.076,16.323,4.998,16.401,1000,1000
24.820,8.737,24.815,8.732,1000,1000
11.738,18.381,11.771,18.384,11.737,18.418
8.615,8.249,8.618,8.252,1000,1000
10.639,4.939,10.637,4.937,10.645,4.915
0.829,8.876,1000,1000,1000,1000
10.581,10.813,1000,1000,1000,1000
8.830,11.828,8.821,11.837,8.785,11.803
1.542,16.319,1.567,16.344,1000,1000
13.151,3.151,1000,1000,1000,1000
6.318,18.939,1000,1000,1000,1000
18.408,14.257,18.354,14.203,18.381,14.230
15.307,9.672,15.275,9.696,15.323,9.648
15.025,12.890,15.011,12.956,1000,1000
15.657,19.682,15.649,19.726,1000,1000
1.172,16.050,1.204,16.082,1.157,16.061
10.125,14.818,1000,1000,1000,1000
15.232,16.062,1000,1000,1000,1000
11.039,2.374,1000,1000,1000,1000
9.705,8.443,9.732,8.470,1000,1000
13.521,19.218,13.540,19.199,13.544,19.173
14.235,8.193,1000,1000,1000,1000
9.082,11.299,9.073,11.214,9.135,11.276
4.150,12.185,4.214,12.207,4.132,12.125
4.279,11.479,4.295,11.495,1000,1000
5.235,5.925,5.265,5.995,1000,1000
0.584,25.408,0.487,25.409,0.558,25.338
15.008,16.478,14.997,16.489,15.031,16.455
10.145,21.083,10.181,21.093,10.141,21.087
10.420,13.041,10.415,12.976,10.381,13.002
10.152,3.893,10.160,3.885,1000,1000
10.314,20.035,1000,1000,1000,1000
10.994,11.969,11.049,11.928,1000,1000
12.544,15.164,12.523,15.117,1000,1000
7.047,15.892,7.065,15.910,1000,1000
0.831,5.600,0.798,5.633,0.839,5.592
7.406,5.989,7.472,6.007,7.429,5.964
12.856,12.776,12.823,12.743,1000,1000
1.090,2.531,1.091,2.532,1000,1000
12.691,22.489,12.651,22.439,12.698,22.486
3.981,12.515,1000,1000,1000,1000
12.214,7.535,12.284,7.543,12.284,7.543
8.475,2.872,8.548,2.895,8.459,2.888
6.199,0.645,6.159,0.663,1000,1000
10.690,10.366,10.680,10.356,10.679,10.355
24.704,7.399,24.760,7.343,1000,1000
4.881,20.681,1000,1000,1000,1000
9.306,0.446,1000,1000,1000,1000
13.238,1.258,13.271,1.253,13.228,1.210
17.049,11.848,17.119,11.862,1000,1000
7.574,5.432,7.566,5.402,7.524,5.382
10.200,12.389,10.187,12.442,1000,1000
5.404,9.727,5.348,9.671,5.434,9.679
6.900,5.578,6.845,5.583,1000,1000
13.940,5.027,13.874,5.041,13.923,5.010
12.694,14.849,12.751,14.792,12.742,14.849
6.346,4.334,6.354,4.334,6.359,4.329
17.754,11.472,17.774,11.452,17.701,11.443
9.177,13.589,9.127,13.639,1000,1000
1.807,12.967,1.816,12.960,1.808,12.966
6.858,5.373,6.875,5.390,6.948,5.463
14.220,1.527,14.206,1.513,1000,1000
12.228,4.008,12.170,4.000,12.251,3.985
10.831,8.781,10.800,8.846,10.897,8.749
21.037,7.701,1000,1000,1000,1000
1.829,4.212,1000,1000,1000,1000
20.564,6.669,20.634,6.649,20.577,6.682
16.886,12.353,1000,1000,1000,1000
6.816,14.670,6.815,14.669,6.846,14.700
8.274,23.380,8.241,23.347,1000,1000
7.023,13.894,1000,1000,1000,1000
5.827,5.160,5.831,5.170,1000,1000
12.259,15.659,12.254,15.654,1000,1000
18.253,5.495,1000,1000,1000,1000
8.044,2.231,1000,1000,1000,1000
10.319,5.079,10.298,5.010,10.320,5.032
15.503,9.830,15.496,9.823,15.561,9.834
10.807,4.136,10.747,4.108,1000,1000
10.322,12.729,10.355,12.724,1000,1000
11.082,5.971,11.127,6.016,1000,1000
7.377,1.903,7.405,1.931,1000,1000
9.355,19.270,1000,1000,1000,1000
3.123,10.143,3.148,10.168,3.181,10.201
8.194,15.575,1000,1000,1000,1000
16.605,14.228,1000,1000,1000,1000
9.113,2.732,1000,1000,1000,1000
18.513,10.132,18.514,10.167,18.492,10.145
17.402,18.322,1000,1000,1000,1000
20.924,0.386,20.873,0.335,1000,1000
11.793,6.884,11.834,6.843,1000,1000
2.640,1.615,2.652,1.617,2.596,1.561
12.588,17.751,12.580,17.743,12.624,17.687
9.815,10.408,9.856,10.367,1000,1000
13.851,15.280,13.910,15.221,13.837,15.294
15.821,9.370,15.833,9.332,15.843,9.348
0.862,20.788,0.850,20.800,0.855,20.795
8.018,13.764,8.068,13.764,1000,1000
5.818,7.741,1000,1000,1000,1000
9.501,13.551,9.416,13.560,1000,1000
16.400,0.403,16.401,0.410,1000,1000
13.356,13.078,13.435,13.063,13.339,13.061
9.652,5.094,9.645,5.101,9.689,5.075
13.860,6.014,13.930,5.992,1000,1000
6.204,8.994,6.239,8.967,6.194,9.012
12.655,3.081,12.580,3.156,1000,1000
8.245,4.585,8.249,4.547,1000,1000
11.965,3.153,1000,1000,1000,1000
1.867,10.724,1.825,10.730,1000,1000
12.869,5.019,12.876,5.092,1000,1000
8.958,7.110,8.930,7.082,1000,1000
14.027,11.595,14.055,11.567,14.066,11.556
11.018,21.209,1000,1000,1000,1000
10.992,23.963,10.980,23.951,1000,1000
5.302,16.619,5.327,16.594,1000,1000
1.689,1.071,1.628,1.080,1.641,1.023
11.353,1.860,11.381,1.832,1000,1000
6.048,8.314,6.047,8.369,1000,1000
16.799,0.510,16.771,0.538,16.748,0.561
12.133,10.924,1000,1000,1000,1000
10.593,0.607,1000,1000,1000,1000
18.016,1.473,18.012,1.469,18.094,1.551
17.695,8.362,17.685,8.372,17.672,8.385
6.442,19.033,6.500,19.031,1000,1000
5.557,5.872,5.570,5.885,5.593,5.914
6.500,16.267,6.472,16.295,6.466,16.331
17.184,11.697,17.208,11.661,17.190,11.679
0.677,2.622,1000,1000,1000,1000
11.164,4.037,11.108,3.981,11.122,3.995
12.387,15.065,12.358,15.036,12.440,15.052
8.420,6.560,8.357,6.595,1000,1000
15.207,8.965,15.205,8.967,1000,1000
17.551,10.321,17.560,10.312,1000,1000
15.918,16.029,15.902,15.957,15.907,15.952
14.520,5.218,14.518,5.160,1000,1000
5.747,14.731,5.753,14.705,1000,1000
1.048,14.753,1000,1000,1000,1000
11.778,10.548,11.780,10.550,1000,1000
5.487,8.853,5.515,8.825,1000,1000
8.446,7.898,1000,1000,1000,1000
21.921,10.261,21.953,10.229,21.935,10.309
7.880,7.385,1000,1000,1000,1000
5.608,4.210,5.602,4.244,1000,1000
5.272,15.362,5.315,15.403,1000,1000
14.212,5.954,14.234,6.004,1000,1000
9.970,10.151,9.975,10.146,9.963,10.158
15.074,2.314,15.071,2.399,1000,1000
8.853,11.939,8.904,11.990,8.840,11.966
15.329,10.232,1000,1000,1000,1000
8.452,24.099,8.461,24.090,1000,1000
20.924,17.222,1000,1000,1000,1000
13.961,19.463,13.944,19.520,1000,1000
5.433,14.357,5.415,14.413,5.400,14.390
0.873,21.303,0.855,21.327,0.905,21.335
16.904,4.009,1000,1000,1000,1000
11.947,18.067,1000,1000,1000,1000
1.979,13.743,1.939,13.783,1.976,13.746
11.813,10.175,11.812,10.176,11.834,10.190
7.393,6.327,7.454,6.316,7.396,6.324
5.118,21.425,5.081,21.388,5.085,21.392
6.908,13.679,1000,1000,1000,1000
10.506,1.131,1000,1000,1000,1000
25.254,8.468,25.186,8.400,25.189,8.441
21.315,0.155,1000,1000,1000,1000
17.573,6.462,17.557,6.446,1000,1000
12.340,5.288,1000,1000,1000,1000
10.038,8.646,1000,1000,1000,1000
1.221,9.508,1.169,9.560,1000,1000
14.238,11.768,14.273,11.797,1000,1000
11.087,13.396,11.031,13.414,11.094,13.389
14.686,4.657,14.697,4.646,14.697,4.646
16.386,6.782,16.352,6.748,1000,1000
16.727,13.930,16.705,13.858,1000,1000
13.903,8.923,13.920,8.906,13.883,8.869
5.825,10.337,5.845,10.379,5.788,10.374
11.804,8.529,1000,1000,1000,1000
10.501,10.481,10.473,10.527,10.423,10.477
5.556,10.538,1000,1000,1000,1000
10.246,11.983,1000,1000,1000,1000
10.470,9.972,10.417,9.919,1000,1000
12.831,19.521,1000,1000,1000,1000
21.362,8.925,21.315,8.932,1000,1000
6.601,15.652,6.551,15.602,6.613,15.632
6.888,21.675,6.937,21.626,6.948,21.615
12.228,11.856,12.225,11.887,1000,1000
15.176,17.911,1000,1000,1000,1000
9.937,14.923,1000,1000,1000,1000
5.818,7.905,5.865,7.952,1000,1000
12.966,3.215,12.984,3.233,12.985,3.234
14.701,9.774,1000,1000,1000,1000
1.233,8.518,1.203,8.548,1000,1000
16.658,0.862,16.667,0.871,16.691,0.885
11.188,9.846,1000,1000,1000,1000
1.666,8.655,1.662,8.585,1.609,8.598
10.341,15.788,1000,1000,1000,1000
14.317,8.429,14.300,8.446,1000,1000
13.929,14.855,13.996,14.922,1000,1000
6.570,4.179,1000,1000,1000,1000
6.219,13.794,1000,1000,1000,1000
2.365,1.879,2.383,1.947,1000,1000
2.219,13.540,1000,1000,1000,1000
8.118,19.781,8.084,19.815,8.070,19.829
5.246,21.017,5.318,21.013,5.292,21.039
24.434,6.303,1000,1000,1000,1000
6.702,11.550,1000,1000,1000,1000
2.584,11.000,1000,1000,1000,1000
0.385,4.367,0.412,4.372,1000,1000
7.435,19.351,7.465,19.381,7.489,19.405
8.713,6.231,1000,1000,1000,1000
15.954,15.568,1000,1000,1000,1000
17.409,10.485,17.460,10.496,1000,1000
11.526,7.247,1000,1000,1000,1000
8.626,16.229,1000,1000,1000,1000
11.590,14.271,11.601,14.260,11.622,14.239
4.783,11.850,1000,1000,1000,1000
11.002,12.595,1000,1000,1000,1000
18.296,10.000,18.291,9.995,18.269,9.973
7.210,9.116,7.235,9.089,7.273,9.127
8.676,11.010,8.699,10.987,8.696,10.990
16.930,19.256,16.992,19.288,1000,1000
4.843,14.231,4.894,14.282,4.821,14.209
6.406,11.693,1000,1000,1000,1000
14.829,6.343,1000,1000,1000,1000
6.269,9.363,1000,1000,1000,1000
4.570,7.033,4.560,7.023,1000,1000
16.004,18.005,16.028,17.981,15.978,18.031
2.055,12.491,1000,1000,1000,1000
9.675,9.699,9.659,9.715,1000,1000
13.371,15.621,13.413,15.579,1000,1000
11.442,2.444,1000,1000,1000,1000
15.561,6.973,15.490,6.902,1000,1000
1.636,11.962,1.627,11.953,1.651,11.919
7.950,1.927,7.863,2.014,7.886,1.957
11.234,6.059,1000,1000,1000,1000
9.321,0.149,9.314,0.156,1000,1000
7.696,12.048,7.696,11.994,7.717,12.069
8.489,4.006,8.543,3.952,1000,1000
5.163,1.296,5.090,1.369,1000,1000
2.520,16.500,2.523,16.449,2.520,16.500
6.211,12.732,6.208,12.637,1000,1000
13.057,16.179,13.049,16.187,1000,1000
0.665,15.594,1000,1000,1000,1000
20.660,6.357,20.639,6.378,20.642,6.363
11.088,0.171,11.117,0.200,11.161,0.244
5.869,9.304,5.913,9.330,1000,1000
20.215,8.598,20.246,8.601,20.233,8.616
5.132,8.133,5.198,8.145,5.188,8.135
10.990,13.218,11.011,13.165,1000,1000
3.963,3.180,3.985,3.232,3.951,3.266
11.555,7.730,1000,1000,1000,1000
5.263,10.374,5.168,10.469,1000,1000
6.909,18.815,6.963,18.761,6.967,18.779
2.570,11.058,2.561,11.123,1000,1000
14.343,14.714,14.302,14.729,1000,1000
24.716,4.463,24.659,4.520,24.676,4.461
5.776,13.146,5.789,13.183,5.824,13.194
14.324,6.143,14.346,6.113,14.347,6.114
10.148,17.448,10.148,17.448,1000,1000
15.582,9.470,15.557,9.445,15.552,9.440
7.447,4.206,7.456,4.197,7.451,4.202
2.398,13.304,1000,1000,1000,1000
12.372,13.596,12.415,13.639,1000,1000
4.493,8.951,4.496,8.910,1000,1000
14.663,12.020,14.611,12.072,1000,1000
5.083,0.241,5.053,0.233,1000,1000
12.715,6.730,12.724,6.739,12.703,6.718
10.699,4.170,10.693,4.226,10.709,4.210
9.802,9.130,1000,1000,1000,1000
19.153,6.433,1000,1000,1000,1000
12.669,14.668,1000,1000,1000,1000
5.968,8.868,6.048,8.864,1000,1000
19.596,11.035,19.578,11.107,19.578,11.107
2.879,6.584,1000,1000,1000,1000
4.072,19.252,4.026,19.298,4.024,19.300
7.098,24.507,7.126,24.549,7.116,24.525
19.920,9.051,19.908,9.063,1000,1000
13.336,28.883,13.351,28.898,1000,1000
2.427,4.919,2.393,4.949,2.437,4.993
11.191,4.105,1000,1000,1000,1000
11.885,7.092,1000,1000,1000,1000
12.858,10.865,12.889,10.934,1000,1000
4.639,15.005,4.610,15.026,1000,1000
5.793,9.291,5.748,9.246,1000,1000
16.830,11.844,16.861,11.875,1000,1000
10.737,10.543,1000,1000,1000,1000
15.788,11.421,1000,1000,1000,1000
8.095,4.020,8.071,4.044,8.089,4.076
17.588,8.720,17.637,8.753,1000,1000
0.842,7.119,1000,1000,1000,1000
9.470,9.262,9.525,9.259,1000,1000
3.756,8.028,3.774,8.010,3.733,8.051
13.446,7.489,13.380,7.555,13.383,7.552
7.509,11.682,7.526,11.657,7.518,11.665
13.190,16.710,13.251,16.771,13.213,16.711
9.174,2.282,1000,1000,1000,1000
17.073,5.861,1000,1000,1000,1000
13.097,7.955,1000,1000,1000,1000
25.406,15.661,1000,1000,1000,1000
7.709,9.722,7.673,9.686,1000,1000
4.963,23.489,4.962,23.564,4.895,23.497
15.960,12.151,15.980,12.171,16.041,12.232
7.662,4.973,7.648,4.987,7.629,4.950
16.490,4.527,1000,1000,1000,1000
2.768,15.743,1000,1000,1000,1000
12.784,0.751,12.848,0.687,1000,1000
2.582,16.674,2.550,16.692,2.514,16.656
10.664,4.257,1000,1000,1000,1000
4.941,12.061,5.011,12.131,4.989,12.097
9.068,14.800,9.131,14.863,9.095,14.803
11.075,2.804,11.126,2.753,11.137,2.798
7.512,5.554,1000,1000,1000,1000
11.445,20.848,11.459,20.858,1000,1000
9.059,7.269,9.072,7.256,9.056,7.272
14.176,12.136,14.157,12.155,1000,1000
21.636,0.273,1000,1000,1000,1000
2.482,11.321,2.442,11.281,1000,1000
6.758,8.974,6.782,8.972,1000,1000
16.458,21.304,16.450,21.312,1000,1000
5.395,8.048,5.428,8.029,1000,1000
5.157,1.010,5.196,1.057,5.137,0.998
19.465,17.810,19.436,17.781,19.420,17.765
14.689,8.989,1000,1000,1000,1000
10.843,7.599,10.868,7.566,10.896,7.546
2.732,15.520,2.766,15.554,2.764,15.478
2.189,8.012,1000,1000,1000,1000
-0.006,15.630,0.012,15.648,0.057,15.617
5.575,9.910,1000,1000,1000,1000
3.820,14.413,3.771,14.392,1000,1000
13.830,16.907,1000,1000,1000,1000
0.555,12.076,0.519,12.040,1000,1000
17.255,19.818,1000,1000,1000,1000
8.844,2.092,1000,1000,1000,1000
15.427,13.566,1000,1000,1000,1000
4.355,11.432,1000,1000,1000,1000
1.738,8.767,1.785,8.746,1.771,8.760
26.113,19.221,26.154,19.262,1000,1000
6.679,1.104,1000,1000,1000,1000
13.672,9.684,13.731,9.743,13.675,9.779
13.898,4.432,13.930,4.454,13.970,4.414
12.610,10.836,12.561,10.885,1000,1000
16.015,12.256,15.989,12.214,16.012,12.259
8.630,12.540,8.553,12.463,1000,1000
12.810,13.675,1000,1000,1000,1000
22.618,12.848,1000,1000,1000,1000
1.386,11.519,1000,1000,1000,1000
13.075,17.633,13.153,17.627,1000,1000
5.663,5.300,1000,1000,1000,1000
12.698,16.105,1000,1000,1000,1000
3.923,5.155,3.949,5.129,1000,1000
15.192,15.758,15.195,15.761,15.190,15.756
1.982,10.874,2.001,10.909,1.970,10.940
16.159,12.124,16.112,12.127,1000,1000
7.254,19.293,7.201,19.346,7.248,19.299
3.054,5.797,3.064,5.807,2.997,5.740
3.911,9.434,3.989,9.512,1000,1000
5.954,21.207,1000,1000,1000,1000
24.445,11.144,1000,1000,1000,1000
0.446,10.957,0.451,10.956,1000,1000
14.707,11.769,14.713,11.763,1000,1000
2.455,10.215,2.458,10.212,1000,1000
18.416,9.580,18.398,9.594,1000,1000
10.524,15.262,10.511,15.231,1000,1000
3.397,18.476,1000,1000,1000,1000
11.892,16.126,11.902,16.140,11.876,16.110
10.211,10.439,10.258,10.430,10.229,10.401
24.275,19.388,1000,1000,1000,1000
7.679,7.242,1000,1000,1000,1000
6.257,10.414,6.239,10.444,1000,1000
13.069,18.428,1000,1000,1000,1000
5.043,1.372,5.024,1.391,5.032,1.383
10.994,10.624,11.032,10.662,1000,1000
8.392,14.522,8.336,14.466,1000,1000
9.076,22.509,9.059,22.526,9.038,22.547
0.862,11.028,0.874,10.992,1000,1000
3.612,4.028,3.606,4.022,1000,1000
12.111,4.376,12.128,4.377,1000,1000
13.510,9.994,13.582,10.066,13.522,10.006
3.545,11.707,3.544,11.708,1000,1000
5.412,10.120,5.350,10.106,5.371,10.161
2.539,15.211,2.520,15.192,2.536,15.208
16.406,19.526,1000,1000,1000,1000
11.907,15.575,11.859,15.535,1000,1000
14.149,17.810,14.162,17.823,1000,1000
10.743,9.181,10.731,9.227,10.738,9.186
9.829,21.602,9.846,21.617,1000,1000
16.828,16.088,1000,1000,1000,1000
24.376,2.554,24.323,2.599,1000,1000
14.671,7.145,14.701,7.173,1000,1000
14.432,8.791,14.419,8.808,1000,1000
6.201,11.083,6.206,11.064,6.179,11.091
14.907,8.397,14.900,8.390,1000,1000
4.824,3.314,1000,1000,1000,1000
4.720,8.682,4.703,8.665,4.677,8.639
8.028,9.154,8.083,9.099,1000,1000
14.743,6.529,14.753,6.585,1000,1000
12.607,1.912,1000,1000,1000,1000
11.993,10.325,12.059,10.259,12.040,10.328
10.665,17.943,10.680,18.022,10.626,17.968
9.919,14.571,1000,1000,1000,1000
1.932,9.140,1.946,9.126,1000,1000
10.657,11.956,1000,1000,1000,1000
14.391,20.960,14.463,21.032,14.405,20.990
8.092,5.688,8.046,5.658,8.062,5.674
15.433,7.058,15.349,7.066,15.359,6.984
22.171,20.446,1000,1000,1000,1000
1.880,7.734,1.900,7.754,1.822,7.750
7.048,16.409,7.090,16.407,7.054,16.415
8.822,19.695,8.772,19.737,8.770,19.747
13.613,10.837,1000,1000,1000,1000
19.043,5.165,19.049,5.171,19.042,5.114
15.038,5.947,15.098,5.933,1000,1000
13.709,12.086,13.753,12.044,13.684,12.113
27.208,13.201,1000,1000,1000,1000
15.506,10.741,15.508,10.767,15.500,10.735
14.163,10.972,14.158,10.977,14.225,11.006
7.709,4.296,1000,1000,1000,1000
10.077,17.349,1000,1000,1000,1000
21.139,12.001,21.102,12.032,1000,1000
14.352,6.094,14.348,6.098,1000,1000
11.449,8.177,11.368,8.174,11.378,8.106
15.980,3.059,16.040,3.119,1000,1000
11.901,10.195,11.940,10.154,11.898,10.198
14.480,2.289,14.468,2.301,1000,1000
6.070,8.936,1000,1000,1000,1000
8.202,11.735,1000,1000,1000,1000
12.553,4.629,12.535,4.611,1000,1000
12.977,8.811,12.946,8.806,1000,1000
0.535,0.435,1000,1000,1000,1000
13.077,19.953,13.121,19.927,1000,1000
10.519,8.300,1000,1000,1000,1000
5.288,6.853,5.277,6.928,5.264,6.915
11.584,8.406,1000,1000,1000,1000
3.679,20.944,1000,1000,1000,1000
2.701,13.822,1000,1000,1000,1000
20.634,5.294,20.596,5.256,20.624,5.284
15.320,4.054,15.388,4.082,1000,1000
17.184,15.936,1000,1000,1000,1000
6.221,3.108,6.148,3.087,1000,1000
11.266,15.275,11.331,15.210,11.339,15.280
1.923,4.193,1.843,4.273,1000,1000
11.993,0.879,1000,1000,1000,1000
16.549,15.861,1000,1000,1000,1000
1.213,11.287,1000,1000,1000,1000
12.807,1.908,12.834,1.935,1000,1000
2.765,3.161,1000,1000,1000,1000
15.841,6.370,15.838,6.373,1000,1000
4.320,15.396,1000,1000,1000,1000
4.362,1.595,4.367,1.612,1000,1000
6.705,15.935,1000,1000,1000,1000
4.842,4.395,4.819,4.340,1000,1000
11.814,20.183,11.747,20.152,1000,1000
8.407,15.006,1000,1000,1000,1000
9.572,2.857,1000,1000,1000,1000
6.328,20.031,1000,1000,1000,1000
7.563,9.346,7.622,9.307,7.618,9.303
16.291,10.092,16.348,10.035,16.327,10.102
8.483,14.928,1000,1000,1000,1000
12.520,11.205,12.502,11.265,1000,1000
1.422,10.385,1.417,10.380,1000,1000
7.918,5.947,7.923,5.942,1000,1000
14.628,5.300,14.655,5.231,14.591,5.295
3.416,11.088,3.417,11.089,3.376,11.048
10.244,4.533,10.318,4.607,10.299,4.552
6.742,0.259,1000,1000,1000,1000
7.167,22.685,7.148,22.736,1000,1000
1.395,6.624,1000,1000,1000,1000
13.184,21.613,13.195,21.624,13.166,21.637
5.374,2.635,1000,1000,1000,1000
1.061,6.230,1.084,6.207,1000,1000
20.701,3.583,20.688,3.596,20.736,3.574
12.953,7.944,12.932,7.923,12.940,7.979
3.829,5.165,3.802,5.174,3.804,5.190
10.763,14.494,1000,1000,1000,1000
12.482,2.822,12.493,2.811,12.537,2.767
10.880,15.637,10.898,15.655,1000,1000
10.026,11.571,1000,1000,1000,1000
3.891,12.882,3.875,12.898,1000,1000
10.820,11.827,10.788,11.859,10.824,11.873
13.102,11.260,1000,1000,1000,1000
4.390,7.643,4.338,7.639,4.352,7.605
6.784,5.770,6.742,5.816,6.770,5.784
6.428,7.843,6.443,7.876,1000,1000
10.393,5.173,10.385,5.243,1000,1000
9.137,10.092,9.144,10.091,1000,1000
5.955,13.984,6.019,13.920,5.980,13.959
9.586,17.667,9.556,17.637,9.557,17.638
2.889,18.295,2.855,18.329,2.850,18.306
10.261,0.956,1000,1000,1000,1000
11.953,12.503,11.885,12.435,1000,1000
8.171,4.291,1000,1000,1000,1000
9.590,13.013,9.598,13.005,1000,1000
18.504,15.978,18.514,16.020,18.502,16.008
9.986,5.157,9.997,5.146,1000,1000
7.988,18.051,8.030,18.009,7.984,17.961
2.607,10.767,2.639,10.799,2.691,10.771
7.701,22.545,7.752,22.562,7.754,22.560
7.044,9.759,7.064,9.779,1000,1000
11.678,8.522,1000,1000,1000,1000
11.182,16.852,11.252,16.878,11.210,16.824
4.333,9.769,4.341,9.709,1000,1000
18.279,17.958,18.301,17.934,18.291,17.970
19.038,8.513,18.988,8.563,18.956,8.595
4.276,1.800,4.189,1.793,1000,1000
14.157,8.073,14.161,7.987,1000,1000
11.271,11.879,1000,1000,1000,1000
14.232,11.379,1000,1000,1000,1000
14.505,11.807,14.535,11.777,1000,1000
8.626,12.112,8.668,12.122,8.679,12.059
2.983,15.490,2.929,15.436,1000,1000
9.968,12.314,1000,1000,1000,1000
27.406,1.357,27.360,1.327,27.395,1.346
0.819,11.673,0.768,11.724,0.755,11.737
12.316,9.709,12.258,9.749,12.298,9.691
4.581,17.307,4.638,17.250,4.653,17.309
12.426,14.598,12.419,14.653,12.378,14.646
15.445,5.579,15.521,5.587,1000,1000
3.999,19.547,1000,1000,1000,1000
10.188,13.808,1000,1000,1000,1000
13.145,7.654,13.173,7.682,1000,1000
9.955,13.870,1000,1000,1000,1000
20.562,6.355,20.549,6.342,20.538,6.331
15.129,14.377,1000,1000,1000,1000
10.266,17.187,10.270,17.191,10.237,17.208
16.235,5.862,1000,1000,1000,1000
13.354,11.675,1000,1000,1000,1000
3.545,8.041,3.575,8.053,3.578,8.056
8.842,5.374,8.867,5.323,8.853,5.337
6.327,21.310,6.317,21.300,1000,1000
12.358,7.869,1000,1000,1000,1000
13.306,5.465,13.286,5.545,1000,1000
7.984,4.044,7.983,4.043,1000,1000
3.551,10.757,3.566,10.770,1000,1000
17.771,8.981,1000,1000,1000,1000
6.709,11.876,6.700,11.933,6.663,11.896
4.010,13.785,4.081,13.856,1000,1000
2.289,13.135,1000,1000,1000,1000
15.392,11.638,15.458,11.572,1000,1000
13.882,13.751,13.826,13.807,13.860,13.773
24.845,6.888,24.754,6.979,1000,1000
17.183,18.653,17.235,18.691,1000,1000
1.882,10.634,1.938,10.578,1000,1000
17.324,2.507,17.276,2.555,17.258,2.573
1.457,10.312,1000,1000,1000,1000
13.325,0.714,13.377,0.766,13.349,0.706
5.598,14.227,5.579,14.214,5.606,14.187
14.224,16.524,14.141,16.541,14.206,16.542
13.471,12.211,13.530,12.152,13.498,12.200
2.769,6.906,1000,1000,1000,1000
9.911,5.352,1000,1000,1000,1000
7.787,7.055,7.727,7.019,1000,1000
17.807,5.889,17.776,5.858,17.741,5.899
4.669,10.041,4.668,10.042,4.591,10.031
5.095,14.136,5.043,14.084,5.101,14.142
2.146,9.886,1000,1000,1000,1000
17.510,5.452,17.516,5.446,17.566,5.456
12.123,9.127,12.065,9.117,12.052,9.104
9.368,4.155,9.397,4.126,1000,1000
12.766,11.614,12.798,11.614,1000,1000
6.787,15.837,1000,1000,1000,1000
5.355,12.593,5.437,12.675,5.422,12.660
7.406,15.095,1000,1000,1000,1000
8.432,6.593,8.390,6.601,1000,1000
8.513,4.756,1000,1000,1000,1000
5.192,13.801,5.151,13.760,1000,1000
6.303,6.971,6.280,6.922,6.271,6.931
7.825,5.038,1000,1000,1000,1000
12.580,2.475,1000,1000,1000,1000
7.310,5.273,1000,1000,1000,1000
1.083,15.852,1.054,15.807,1000,1000
9.609,0.368,1000,1000,1000,1000
12.689,12.009,1000,1000,1000,1000
11.725,23.491,11.687,23.463,11.740,23.516
15.390,20.510,15.388,20.512,1000,1000
8.259,17.624,8.325,17.630,1000,1000
12.233,1.327,12.208,1.320,12.186,1.298
8.799,8.601,1000,1000,1000,1000
13.372,7.920,1000,1000,1000,1000
2.572,6.765,2.583,6.824,2.606,6.799
1.654,2.082,1.740,1.996,1000,1000
10.992,1.283,11.057,1.300,1000,1000
2.500,13.720,2.506,13.714,1000,1000
6.805,20.241,6.844,20.202,1000,1000
9.408,7.084,9.461,7.031,9.371,7.121
16.601,9.462,1000,1000,1000,1000
17.511,8.673,17.557,8.623,17.548,8.632
9.716,7.062,9.677,7.101,9.656,7.048
11.699,14.091,11.677,14.113,1000,1000
1.176,10.924,1000,1000,1000,1000
5.289,3.506,1000,1000,1000,1000
7.441,11.193,7.448,11.176,1000,1000
10.438,20.588,10.506,20.656,10.499,20.593
14.336,20.818,14.333,20.821,14.289,20.865
22.996,4.970,22.987,4.979,22.928,5.038
2.051,1.472,2.078,1.535,2.064,1.549
4.575,5.548,4.556,5.587,4.538,5.585
3.864,17.548,3.776,17.544,1000,1000
14.304,13.329,14.283,13.286,1000,1000
5.559,8.910,5.566,8.865,1000,1000
5.591,13.664,1000,1000,1000,1000
5.124,16.043,5.192,16.053,5.174,16.093
6.495,7.242,1000,1000,1000,1000
3.861,10.286,3.931,10.356,3.893,10.318
8.143,3.985,1000,1000,1000,1000
4.541,10.088,1000,1000,1000,1000
10.675,8.045,1000,1000,1000,1000
15.465,5.789,15.439,5.763,15.439,5.807
21.217,12.504,1000,1000,1000,1000
6.848,9.084,6.823,9.033,1000,1000
13.945,19.348,1000,1000,1000,1000
4.945,10.287,4.914,10.256,1000,1000
7.699,6.795,7.749,6.793,7.682,6.812
6.355,14.563,6.406,14.582,1000,1000
4.499,14.751,4.534,14.814,1000,1000
12.507,7.174,12.497,7.136,12.474,7.207
19.697,0.754,19.693,0.758,1000,1000
8.904,0.013,8.879,0.060,1000,1000
16.192,23.675,16.262,23.679,16.263,23.604
17.243,1.158,17.247,1.204,17.270,1.227
6.990,4.583,7.041,4.598,1000,1000
10.357,2.489,1000,1000,1000,1000
9.602,14.814,1000,1000,1000,1000
1.179,8.568,1.200,8.505,1000,1000
7.900,1.861,1000,1000,1000,1000
17.783,18.755,17.741,18.713,17.811,18.727
0.675,8.561,1000,1000,1000,1000
5.634,7.838,1000,1000,1000,1000
7.967,25.023,7.973,25.029,1000,1000
15.028,0.596,1000,1000,1000,1000
10.571,10.520,10.649,10.538,1000,1000
1.608,3.617,1000,1000,1000,1000
0.150,8.126,0.216,8.060,1000,1000
4.958,9.944,4.888,9.916,4.927,9.955
10.841,4.636,10.862,4.663,10.793,4.684
13.565,8.257,1000,1000,1000,1000
8.957,3.596,8.889,3.594,8.902,3.541
2.552,0.088,2.588,0.072,2.554,0.090
17.210,5.632,17.245,5.585,17.235,5.607
14.333,9.854,14.358,9.827,1000,1000
11.660,15.797,11.630,15.767,11.696,15.833
6.995,4.532,7.003,4.522,1000,1000
4.615,9.840,1000,1000,1000,1000
4.883,14.057,4.882,14.058,4.859,14.081
5.709,10.838,5.723,10.798,5.678,10.843
6.807,1.211,1000,1000,1000,1000
14.805,13.970,14.835,14.026,14.776,13.999
0.303,13.837,1000,1000,1000,1000
7.014,12.974,1000,1000,1000,1000
8.200,5.930,1000,1000,1000,1000
8.034,7.455,8.009,7.456,8.004,7.485
6.658,4.585,1000,1000,1000,1000
14.337,9.683,14.286,9.632,1000,1000
18.577,12.320,18.649,12.392,1000,1000
5.728,1.249,5.668,1.189,1000,1000
16.027,3.623,16.044,3.640,15.994,3.590
4.219,7.564,4.188,7.595,1000,1000
11.640,28.129,11.666,28.153,1000,1000
9.032,13.905,8.971,13.902,9.022,13.851
5.838,22.281,5.821,22.298,1000,1000
6.821,15.977,6.891,15.997,1000,1000
13.435,11.852,1000,1000,1000,1000
12.630,5.524,12.656,5.550,12.642,5.536
13.402,2.436,1000,1000,1000,1000
12.216,11.106,1000,1000,1000,1000
10.216,13.405,1000,1000,1000,1000
17.337,7.238,17.329,7.230,1000,1000
17.576,4.896,17.591,4.911,17.574,4.832
10.243,11.188,1000,1000,1000,1000
3.985,10.163,1000,1000,1000,1000
9.708,11.435,9.703,11.406,9.752,11.391
7.857,11.249,1000,1000,1000,1000
8.900,3.890,8.862,3.916,8.878,3.932
10.940,2.111,10.964,2.087,1000,1000
7.376,6.548,7.308,6.616,7.298,6.626
1.794,21.497,1.794,21.497,1000,1000
3.395,4.974,1000,1000,1000,1000
16.583,7.716,16.605,7.730,16.540,7.759
13.773,11.981,13.736,11.976,1000,1000
15.375,10.838,1000,1000,1000,1000
15.891,3.996,15.819,3.996,15.843,3.972
0.163,14.994,1000,1000,1000,1000
6.496,6.244,6.483,6.231,1000,1000
9.529,4.279,9.607,4.263,9.533,4.189
9.806,8.289,9.797,8.280,9.744,8.227
0.357,12.700,0.372,12.665,0.345,12.692
18.181,3.492,18.175,3.498,18.186,3.495
11.625,2.948,11.629,2.984,1000,1000
3.695,2.279,3.617,2.283,3.688,2.212
17.960,15.377,17.976,15.361,1000,1000
18.587,5.431,18.604,5.414,18.615,5.403
3.683,4.580,3.731,4.548,3.704,4.559
14.686,2.450,1000,1000,1000,1000
14.640,3.480,14.700,3.462,1000,1000
15.618,10.444,1000,1000,1000,1000
15.829,0.998,1000,1000,1000,1000
12.835,9.213,12.921,9.207,12.878,9.250
12.377,10.454,1000,1000,1000,1000
6.756,16.624,6.767,16.613,1000,1000
2.576,10.698,2.604,10.726,2.646,10.768
11.414,14.716,11.383,14.685,1000,1000
18.768,9.321,1000,1000,1000,1000
2.149,2.783,2.157,2.745,2.220,2.712
2.250,15.101,1000,1000,1000,1000
1.905,13.661,1000,1000,1000,1000
0.136,14.963,1000,1000,1000,1000
11.460,6.574,11.419,6.615,11.435,6.599
10.809,13.021,10.800,13.030,10.787,13.043
11.939,5.197,11.969,5.247,1000,1000
12.456,8.057,12.437,8.076,1000,1000
24.934,1.169,1000,1000,1000,1000
13.332,8.275,1000,1000,1000,1000
2.896,17.382,2.885,17.393,2.914,17.424
6.450,0.823,6.446,0.799,1000,1000
12.027,16.368,11.973,16.422,11.950,16.445
3.985,14.502,3.971,14.516,3.979,14.508
10.286,3.177,10.289,3.174,1000,1000
19.974,9.764,19.975,9.777,19.974,9.776
4.933,7.054,4.979,7.080,5.011,7.048
10.291,4.809,10.294,4.806,10.371,4.817
15.926,14.847,15.953,14.874,1000,1000
10.389,4.384,10.381,4.376,10.446,4.441
2.854,1.296,1000,1000,1000,1000
9.889,18.555,1000,1000,1000,1000
2.040,7.864,2.058,7.928,1000,1000
17.274,11.534,17.199,11.519,17.268,11.588
8.987,20.366,8.995,20.336,1000,1000
6.080,8.736,6.080,8.822,6.119,8.783
4.325,15.429,4.292,15.432,1000,1000
8.962,16.399,1000,1000,1000,1000
16.188,1.669,16.137,1.708,1000,1000
2.645,0.232,2.592,0.233,1000,1000
10.604,14.035,1000,1000,1000,1000
10.623,12.441,10.653,12.377,10.574,12.456
15.242,5.973,15.235,5.966,1000,1000
17.084,8.524,1000,1000,1000,1000
13.043,2.754,1000,1000,1000,1000
9.943,15.953,9.892,15.902,9.873,15.935
13.667,9.515,1000,1000,1000,1000
3.712,23.544,3.670,23.532,3.676,23.526
13.384,16.811,13.396,16.773,13.364,16.741
15.002,13.966,14.952,14.016,1000,1000
10.579,9.988,1000,1000,1000,1000
5.145,8.114,1000,1000,1000,1000
9.344,0.260,9.368,0.206,9.281,0.293
10.881,11.914,1000,1000,1000,1000
18.316,11.161,1000,1000,1000,1000
8.079,0.176,8.130,0.171,8.068,0.109
1.187,18.589,1.233,18.617,1000,1000
7.212,11.049,1000,1000,1000,1000
15.133,3.592,1000,1000,1000,1000
2.288,11.645,1000,1000,1000,1000
7.854,9.160,1000,1000,1000,1000
10.365,9.694,1000,1000,1000,1000
10.257,7.977,10.213,7.991,1000,1000
10.205,8.707,10.163,8.675,1000,1000
8.739,2.235,8.811,2.243,1000,1000
10.401,2.378,10.362,2.339,10.364,2.341
12.146,6.235,12.186,6.275,12.095,6.268
9.344,10.860,9.304,10.902,1000,1000
9.433,10.145,9.379,10.127,1000,1000
7.421,20.669,1000,1000,1000,1000
21.501,7.175,21.429,7.103,21.495,7.169
14.033,13.312,14.057,13.288,14.015,13.330
13.325,8.952,1000,1000,1000,1000
14.705,6.847,14.749,6.891,1000,1000
7.863,8.807,7.841,8.785,7.862,8.758
9.772,17.620,9.766,17.614,1000,1000
2.911,13.832,2.911,13.880,2.896,13.895
8.315,14.603,8.323,14.569,1000,1000
10.449,4.119,10.490,4.078,10.435,4.059
0.408,2.321,1000,1000,1000,1000
8.363,2.031,8.379,2.047,8.314,2.080
10.505,15.917,10.579,15.843,10.557,15.865
7.878,6.183,7.898,6.217,7.862,6.199
20.858,2.414,1000,1000,1000,1000
8.540,9.819,8.452,9.907,1000,1000
16.819,12.503,1000,1000,1000,1000
16.071,2.811,1000,1000,1000,1000
3.023,11.979,3.032,11.982,2.994,12.008
15.927,13.683,15.898,13.702,1000,1000
7.788,15.249,1000,1000,1000,1000
9.652,15.544,1000,1000,1000,1000
20.888,5.105,20.924,5.141,20.848,5.065
8.796,6.937,8.775,6.958,8.736,6.903
16.766,7.666,16.786,7.682,16.771,7.671
8.702,16.238,1000,1000,1000,1000
20.176,15.140,1000,1000,1000,1000
5.538,5.197,5.457,5.278,5.499,5.236
1.557,13.537,1.574,13.520,1000,1000
13.765,6.819,1000,1000,1000,1000
15.303,6.692,15.250,6.697,15.323,6.770
6.399,3.824,6.386,3.803,1000,1000
14.053,11.961,1000,1000,1000,1000
9.878,5.391,9.863,5.406,9.859,5.312
8.048,1.458,1000,1000,1000,1000
1.471,2.490,1000,1000,1000,1000
2.167,12.517,2.155,12.461,2.149,12.499
6.023,16.581,6.048,16.556,6.013,16.591
8.458,8.077,1000,1000,1000,1000
17.319,13.290,17.329,13.300,17.303,13.260
5.857,9.690,5.889,9.722,1000,1000
2.347,4.582,1000,1000,1000,1000
14.349,14.865,14.425,14.873,14.339,14.875
10.799,1.102,1000,1000,1000,1000
5.831,21.338,5.795,21.324,5.780,21.389
5.876,10.690,5.841,10.661,1000,1000
6.662,20.065,1000,1000,1000,1000
6.065,2.258,6.065,2.258,5.993,2.254
16.033,3.670,15.964,3.641,1000,1000
16.855,11.117,16.814,11.076,1000,1000
1.953,5.310,1000,1000,1000,1000
10.982,8.833,11.071,8.824,1000,1000
4.478,15.829,4.467,15.818,4.430,15.851
24.851,14.537,24.827,14.561,24.837,14.551
13.415,18.570,13.401,18.584,1000,1000
8.066,14.920,8.071,14.915,1000,1000
14.281,4.395,1000,1000,1000,1000
10.201,0.713,10.175,0.693,10.160,0.678
13.073,7.367,13.049,7.391,1000,1000
13.369,5.159,1000,1000,1000,1000
18.186,4.575,18.204,4.573,18.231,4.600
5.332,12.769,5.248,12.765,1000,1000
7.799,7.689,1000,1000,1000,1000
10.594,13.196,10.559,13.165,1000,1000
0.524,6.428,0.521,6.511,0.596,6.500
8.337,0.832,8.349,0.844,1000,1000
13.270,12.792,1000,1000,1000,1000
0.629,17.429,0.635,17.453,0.573,17.485
4.845,3.574,4.923,3.496,4.878,3.541
9.449,11.016,9.434,11.051,9.411,10.978
8.523,2.477,1000,1000,1000,1000
5.961,4.685,1000,1000,1000,1000
5.426,16.886,5.362,16.914,1000,1000
15.075,14.471,1000,1000,1000,1000
5.218,18.304,5.269,18.253,5.253,18.281
2.964,6.706,1000,1000,1000,1000
5.962,17.577,5.943,17.596,1000,1000
10.873,23.680,1000,1000,1000,1000
11.621,24.538,1000,1000,1000,1000
12.806,10.207,12.743,10.144,12.790,10.165
34.127,12.847,34.124,12.872,1000,1000
11.415,3.472,1000,1000,1000,1000
9.440,13.371,9.465,13.346,1000,1000
15.499,5.984,15.461,6.028,1000,1000
1.642,15.253,1.617,15.278,1000,1000
6.728,20.032,1000,1000,1000,1000
13.806,14.831,13.820,14.845,13.817,14.842
9.090,7.021,9.081,7.062,1000,1000
2.571,10.874,2.569,10.966,1000,1000
0.809,1.833,1000,1000,1000,1000
8.949,6.711,8.978,6.744,8.940,6.706
7.179,9.638,7.223,9.648,7.168,9.593
0.870,8.612,0.811,8.553,1000,1000
7.593,1.154,1000,1000,1000,1000
0.596,14.204,0.572,14.180,0.574,14.182
15.772,9.623,15.790,9.641,1000,1000
12.260,9.968,12.243,9.943,1000,1000
20.068,13.470,1000,1000,1000,1000
12.666,10.085,12.694,10.061,1000,1000
19.124,9.921,1000,1000,1000,1000
10.685,13.937,10.684,13.856,1000,1000
15.276,6.894,15.304,6.922,15.252,6.870
2.690,13.393,1000,1000,1000,1000
15.067,14.129,1000,1000,1000,1000
5.312,14.004,5.332,14.024,1000,1000
7.481,4.003,7.425,4.025,1000,1000
5.860,3.391,5.847,3.404,1000,1000
1.785,6.663,1000,1000,1000,1000
17.879,14.764,1000,1000,1000,1000
8.717,17.216,1000,1000,1000,1000
4.547,24.433,4.618,24.444,4.573,24.407
8.099,7.469,8.078,7.448,1000,1000
8.523,9.884,8.525,9.856,1000,1000
15.401,10.062,15.310,9.971,15.334,10.041
1.237,16.906,1.197,16.946,1.175,16.876
3.522,14.401,1000,1000,1000,1000
11.307,6.693,1000,1000,1000,1000
13.964,7.725,13.916,7.725,1000,1000
17.664,3.031,1000,1000,1000,1000
5.932,16.631,5.892,16.671,5.851,16.712
11.889,15.449,1000,1000,1000,1000
22.332,3.723,22.356,3.699,1000,1000
4.371,8.848,1000,1000,1000,1000
11.405,6.404,1000,1000,1000,1000
5.107,4.910,5.136,4.939,1000,1000
12.468,6.441,12.491,6.422,12.517,6.448
14.473,3.715,14.416,3.772,1000,1000
26.058,16.826,26.035,16.803,1000,1000
1.933,9.312,1.905,9.354,1.855,9.304
19.594,24.580,19.635,24.533,19.627,24.547
10.612,4.958,10.571,4.925,10.651,5.005
13.641,2.951,1000,1000,1000,1000
9.619,3.675,9.597,3.717,1000,1000
19.989,5.908,1000,1000,1000,1000
3.491,10.860,1000,1000,1000,1000
2.601,7.690,1000,1000,1000,1000
8.775,8.617,8.775,8.617,8.743,8.667
8.570,15.282,8.628,15.340,8.617,15.329
17.007,16.480,17.042,16.463,1000,1000
2.824,13.540,1000,1000,1000,1000
5.759,15.440,5.731,15.412,5.762,15.443
16.167,18.517,16.227,18.513,16.216,18.502
1.285,10.164,1.265,10.092,1000,1000
14.257,24.492,1000,1000,1000,1000
9.444,10.581,1000,1000,1000,1000
7.251,5.111,1000,1000,1000,1000
0.887,10.993,0.858,10.964,0.887,10.993
5.856,8.805,5.800,8.809,5.796,8.813
18.607,1.852,1000,1000,1000,1000
13.743,6.141,13.680,6.204,1000,1000
18.022,14.987,1000,1000,1000,1000
3.808,2.823,3.888,2.833,1000,1000
3.116,5.553,3.116,5.553,3.122,5.519
17.987,8.037,18.053,8.103,1000,1000
13.315,0.342,13.321,0.282,13.334,0.323
4.396,18.073,4.323,18.072,1000,1000
15.297,7.417,1000,1000,1000,1000
19.603,8.821,19.567,8.763,19.512,8.818
5.380,3.032,1000,1000,1000,1000
2.088,4.627,2.015,4.700,1000,1000
9.569,6.389,1000,1000,1000,1000
23.058,4.741,23.011,4.788,1000,1000
3.560,8.061,3.594,8.031,3.536,8.037
11.260,24.261,11.212,24.219,11.172,24.173
0.419,9.641,0.407,9.563,0.477,9.633
6.502,14.655,1000,1000,1000,1000
11.752,1.700,11.711,1.671,1000,1000
8.235,17.308,1000,1000,1000,1000
21.140,12.060,1000,1000,1000,1000
9.355,14.067,9.360,14.062,1000,1000
