6.964,12.211,1000,1000,1000,1000
16.076,10.059,16.048,10.037,16.079,10.056
15.874,9.253,15.871,9.290,15.885,9.264
18.009,14.396,18.091,14.314,18.060,14.345
10.467,9.289,10.459,9.281,10.428,9.250
14.940,3.098,1000,1000,1000,1000
3.110,7.618,1000,1000,1000,1000
8.591,14.935,8.528,14.912,8.568,14.952
18.763,5.314,18.785,5.336,18.794,5.345
14.521,8.609,1000,1000,1000,1000
13.087,4.629,1000,1000,1000,1000
6.915,17.303,6.932,17.286,6.922,17.282
0.776,0.258,0.724,0.206,1000,1000
14.106,9.743,14.105,9.744,1000,1000
8.412,15.541,1000,1000,1000,1000
12.299,5.281,12.327,5.309,1000,1000
7.452,16.692,7.472,16.724,1000,1000
1.518,12.417,1000,1000,1000,1000
13.622,4.086,13.615,4.093,13.633,4.061
22.062,1.618,22.053,1.627,22.003,1.595
5.986,10.863,5.945,10.880,5.944,10.881
15.207,12.317,15.123,12.401,15.203,12.321
9.741,2.533,9.705,2.533,9.718,2.546
14.984,12.575,14.956,12.631,1000,1000
4.770,13.512,1000,1000,1000,1000
18.540,3.211,1000,1000,1000,1000
10.628,12.373,1000,1000,1000,1000
11.666,3.315,1000,1000,1000,1000
9.943,6.920,9.915,6.892,9.891,6.876
3.357,14.769,1000,1000,1000,1000
6.942,11.490,6.885,11.523,6.892,11.540
5.923,12.946,5.973,12.896,1000,1000
5.225,3.221,1000,1000,1000,1000
8.231,12.650,8.180,12.627,1000,1000
6.809,8.616,1000,1000,1000,1000
22.164,3.280,1000,1000,1000,1000
2.711,13.975,1000,1000,1000,1000
7.520,3.756,7.532,3.744,1000,1000
5.227,5.413,5.183,5.461,1000,1000
1.377,5.473,1.357,5.503,1000,1000
9.498,11.895,1000,1000,1000,1000
8.452,0.781,8.454,0.783,1000,1000
13.727,0.080,1000,1000,1000,1000
9.266,2.856,9.303,2.841,9.264,2.880
13.686,15.139,13.684,15.073,13.716,15.109
5.146,9.622,5.139,9.629,5.145,9.621
8.933,7.095,1000,1000,1000,1000
2.598,0.646,2.531,0.663,1000,1000
2.430,18.312,1000,1000,1000,1000
13.932,9.463,13.877,9.488,13.959,9.406
15.907,20.438,1000,1000,1000,1000
11.567,3.743,11.575,3.799,11.632,3.808
5.008,21.928,1000,1000,1000,1000
0.580,5.729,0.576,5.725,1000,1000
11.521,8.672,1000,1000,1000,1000
8.687,7.970,8.723,8.006,8.728,7.971
14.651,8.211,1000,1000,1000,1000
3.568,8.251,3.530,8.213,3.513,8.272
16.311,11.464,16.288,11.441,1000,1000
18.779,9.847,1000,1000,1000,1000
11.275,17.803,11.277,17.827,11.278,17.828
8.832,10.383,8.795,10.420,1000,1000
16.298,7.990,16.242,8.046,16.294,8.006
2.680,9.335,1000,1000,1000,1000
8.336,10.594,8.333,10.501,8.377,10.545
6.963,11.859,6.941,11.927,1000,1000
11.820,15.475,1000,1000,1000,1000
9.023,14.742,1000,1000,1000,1000
0.850,9.016,0.905,9.059,1000,1000
7.878,15.528,1000,1000,1000,1000
21.535,10.042,1000,1000,1000,1000
0.753,6.232,0.749,6.270,0.770,6.291
9.779,11.841,1000,1000,1000,1000
9.311,20.835,1000,1000,1000,1000
15.568,7.066,1000,1000,1000,1000
7.083,10.665,1000,1000,1000,1000
12.718,4.046,12.682,4.082,12.677,4.087
9.164,12.695,9.118,12.649,9.177,12.632
9.299,3.715,9.272,3.742,9.287,3.727
17.133,16.517,1000,1000,1000,1000
11.865,7.126,1000,1000,1000,1000
12.949,8.332,12.925,8.356,12.874,8.357
1.876,4.916,1000,1000,1000,1000
6.642,18.618,6.658,18.680,6.703,18.635
11.560,4.387,1000,1000,1000,1000
3.492,2.672,3.460,2.640,3.479,2.659
12.447,4.810,1000,1000,1000,1000
14.019,10.741,14.002,10.728,1000,1000
19.521,18.395,19.518,18.398,19.545,18.385
7.146,8.290,1000,1000,1000,1000
10.796,3.472,10.822,3.498,1000,1000
6.176,13.565,6.230,13.511,6.162,13.579
14.876,3.992,14.884,4.000,1000,1000
9.558,11.482,9.520,11.520,9.517,11.425
2.848,5.279,1000,1000,1000,1000
7.729,5.013,7.729,5.013,7.721,5.099
0.743,13.674,1000,1000,1000,1000
9.592,3.564,9.625,3.531,1000,1000
8.232,3.567,8.224,3.585,1000,1000
8.134,8.423,8.147,8.410,8.147,8.410
10.426,13.058,10.396,13.028,1000,1000
9.614,8.064,1000,1000,1000,1000
6.354,23.694,1000,1000,1000,1000
13.227,18.899,1000,1000,1000,1000
8.893,3.671,8.835,3.657,8.903,3.661
4.241,11.435,1000,1000,1000,1000
6.095,10.057,1000,1000,1000,1000
16.504,9.974,16.536,9.942,16.492,9.928
15.468,18.258,15.498,18.284,1000,1000
17.148,14.678,1000,1000,1000,1000
11.885,2.007,11.860,2.032,11.899,1.991
6.136,8.775,6.108,8.747,1000,1000
16.247,22.295,16.222,22.270,16.222,22.328
3.720,1.579,3.768,1.593,3.773,1.632
14.997,3.912,14.971,3.968,14.960,3.949
2.084,2.775,1000,1000,1000,1000
4.811,3.333,4.808,3.330,4.757,3.279
22.534,10.402,22.538,10.418,22.517,10.385
3.019,15.920,2.955,15.928,3.027,15.912
13.282,8.794,1000,1000,1000,1000
6.685,1.474,6.714,1.467,1000,1000
10.137,8.782,10.056,8.863,10.055,8.864
20.998,19.873,1000,1000,1000,1000
9.657,7.836,9.664,7.749,9.700,7.793
2.774,11.126,2.817,11.083,2.836,11.146
11.357,10.927,11.281,11.003,1000,1000
15.851,10.959,15.830,10.954,1000,1000
18.171,8.590,1000,1000,1000,1000
20.507,15.209,20.547,15.249,1000,1000
3.750,11.329,3.785,11.364,1000,1000
12.967,8.202,12.946,8.223,1000,1000
19.720,12.738,19.712,12.762,1000,1000
11.335,2.982,11.326,2.991,11.339,2.978
11.536,2.507,1000,1000,1000,1000
2.490,5.066,2.560,5.066,2.493,5.063
6.198,19.298,6.250,19.246,1000,1000
15.998,11.443,15.966,11.467,15.963,11.470
7.917,7.751,1000,1000,1000,1000
7.943,5.597,7.960,5.672,7.988,5.644
9.717,8.717,1000,1000,1000,1000
7.492,6.283,1000,1000,1000,1000
15.943,14.731,15.861,14.813,1000,1000
5.296,19.454,1000,1000,1000,1000
4.295,15.157,4.277,15.139,4.287,15.183
12.427,7.298,12.389,7.336,1000,1000
8.916,13.458,1000,1000,1000,1000
19.784,14.043,19.786,13.975,19.733,13.992
0.918,13.955,0.917,13.956,1000,1000
5.839,5.626,1000,1000,1000,1000
14.163,0.396,14.127,0.360,1000,1000
6.349,15.038,1000,1000,1000,1000
4.737,9.002,4.744,9.009,1000,1000
17.964,8.166,1000,1000,1000,1000
9.716,8.453,9.704,8.441,1000,1000
7.803,15.666,7.818,15.681,7.884,15.655
1.500,1.991,1.493,2.016,1000,1000
15.480,5.116,1000,1000,1000,1000
18.227,7.078,18.254,7.105,1000,1000
12.061,7.727,1000,1000,1000,1000
8.524,0.206,1000,1000,1000,1000
22.131,4.179,22.113,4.161,1000,1000
3.779,4.147,3.756,4.206,1000,1000
10.159,8.958,10.177,9.000,10.115,8.938
8.651,8.130,8.623,8.158,1000,1000
15.452,13.852,1000,1000,1000,1000
6.878,7.179,6.899,7.158,6.908,7.149
14.236,6.539,14.229,6.546,14.216,6.541
4.924,12.480,4.954,12.450,1000,1000
11.762,12.784,1000,1000,1000,1000
19.271,3.840,1000,1000,1000,1000
8.633,0.656,8.652,0.675,8.590,0.679
4.996,3.015,1000,1000,1000,1000
14.282,7.710,14.226,7.682,1000,1000
10.125,13.107,10.133,13.115,10.135,13.117
7.585,9.363,1000,1000,1000,1000
11.437,2.430,11.483,2.384,11.484,2.385
9.863,10.273,9.812,10.246,9.808,10.250
0.567,6.545,0.529,6.507,1000,1000
16.546,15.680,16.554,15.658,1000,1000
8.221,7.156,8.280,7.097,1000,1000
5.984,2.659,1000,1000,1000,1000
13.874,2.803,13.862,2.791,13.885,2.832
4.252,16.586,4.258,16.522,1000,1000
14.976,8.604,14.931,8.571,15.006,8.574
9.204,6.022,1000,1000,1000,1000
12.401,10.116,12.415,10.128,1000,1000
22.082,2.233,1000,1000,1000,1000
2.787,19.110,2.769,19.152,2.764,19.087
16.473,7.281,16.413,7.221,1000,1000
19.685,20.747,19.672,20.760,1000,1000
14.757,1.915,1000,1000,1000,1000
6.594,7.953,6.572,7.931,6.576,7.935
3.343,4.799,1000,1000,1000,1000
18.864,11.576,1000,1000,1000,1000
5.772,10.635,5.748,10.653,5.790,10.653
7.046,9.677,1000,1000,1000,1000
14.573,2.282,1000,1000,1000,1000
5.711,6.387,5.756,6.352,5.717,6.393
12.303,11.272,12.219,11.278,1000,1000
8.403,3.255,8.427,3.231,8.427,3.277
17.645,17.679,1000,1000,1000,1000
8.031,2.356,8.031,2.268,8.014,2.285
13.511,19.370,1000,1000,1000,1000
8.079,12.937,1000,1000,1000,1000
1.347,11.355,1.288,11.322,1000,1000
5.307,11.139,5.309,11.141,5.364,11.196
10.253,9.171,10.274,9.208,1000,1000
14.731,12.185,14.689,12.227,14.753,12.163
1.607,13.908,1000,1000,1000,1000
3.961,29.654,1000,1000,1000,1000
12.445,8.449,12.454,8.458,12.508,8.512
15.617,12.551,1000,1000,1000,1000
27.866,4.290,1000,1000,1000,1000
17.630,15.587,17.584,15.541,17.561,15.600
16.166,16.384,16.110,16.328,1000,1000
3.523,14.446,1000,1000,1000,1000
1.520,7.510,1.520,7.510,1.500,7.490
13.571,13.722,13.568,13.719,1000,1000
7.450,0.861,7.424,0.835,1000,1000
1.320,6.160,1000,1000,1000,1000
12.372,13.286,12.415,13.243,1000,1000
0.713,13.462,0.677,13.426,1000,1000
8.588,16.888,8.632,16.856,8.592,16.884
10.815,2.370,1000,1000,1000,1000
18.128,7.898,18.097,7.867,18.167,7.851
5.299,8.243,5.315,8.301,1000,1000
0.119,8.985,1000,1000,1000,1000
0.731,12.168,0.791,12.164,1000,1000
13.031,7.600,1000,1000,1000,1000
4.407,12.474,1000,1000,1000,1000
15.364,7.091,15.393,7.120,1000,1000
13.043,2.577,1000,1000,1000,1000
5.330,15.080,5.345,15.095,1000,1000
13.223,2.878,13.268,2.931,13.173,2.928
2.605,6.977,1000,1000,1000,1000
8.985,3.150,1000,1000,1000,1000
13.050,10.245,12.990,10.305,13.022,10.273
0.805,4.074,0.772,4.107,1000,1000
15.369,4.188,1000,1000,1000,1000
7.461,12.588,7.534,12.661,1000,1000
15.888,9.377,1000,1000,1000,1000
16.300,3.735,16.275,3.672,1000,1000
4.012,4.234,4.044,4.182,1000,1000
19.854,5.051,19.828,5.121,19.889,5.060
2.991,9.253,2.977,9.337,1000,1000
7.795,6.721,1000,1000,1000,1000
13.384,3.081,13.450,3.087,13.378,3.159
23.367,0.274,23.431,0.286,23.452,0.265
5.830,22.806,5.833,22.761,5.764,22.830
0.737,2.121,0.750,2.134,0.679,2.123
12.754,10.604,1000,1000,1000,1000
14.980,15.377,14.922,15.319,14.906,15.369
10.181,18.009,10.111,17.939,1000,1000
5.016,6.606,5.031,6.591,4.964,6.658
15.161,15.933,15.092,16.002,1000,1000
6.501,8.416,6.549,8.368,6.557,8.360
8.365,4.560,8.309,4.616,8.364,4.639
11.437,15.464,11.424,15.531,11.404,15.511
8.682,1.220,8.605,1.223,8.594,1.308
9.428,13.230,9.443,13.215,9.461,13.253
19.764,10.726,19.853,10.717,19.769,10.731
14.830,5.970,1000,1000,1000,1000
13.875,0.630,1000,1000,1000,1000
15.947,4.586,15.914,4.619,1000,1000
8.396,8.457,8.358,8.495,8.369,8.484
7.319,19.660,7.342,19.683,7.319,19.660
10.722,21.288,1000,1000,1000,1000
14.088,13.073,14.096,13.105,1000,1000
11.650,11.925,11.689,11.922,11.664,11.911
0.751,14.363,1000,1000,1000,1000
11.880,5.590,1000,1000,1000,1000
10.471,0.885,1000,1000,1000,1000
0.843,9.828,0.896,9.775,0.859,9.812
8.531,2.152,8.550,2.133,8.559,2.124
7.635,14.416,7.616,14.435,1000,1000
10.361,13.763,10.296,13.828,1000,1000
10.502,11.294,1000,1000,1000,1000
13.461,14.507,13.398,14.570,1000,1000
2.382,10.652,2.351,10.681,2.430,10.700
10.651,20.897,10.652,20.898,10.680,20.930
6.663,5.624,6.705,5.582,6.645,5.642
4.327,3.672,4.231,3.670,4.239,3.678
12.177,0.915,12.200,0.938,12.185,0.923
17.360,12.611,17.273,12.614,17.274,12.613
0.471,19.319,0.472,19.320,1000,1000
7.780,1.741,7.765,1.726,1000,1000
11.736,10.336,11.804,10.268,1000,1000
6.038,12.179,1000,1000,1000,1000
9.009,16.878,9.053,16.834,9.006,16.881
8.234,18.145,1000,1000,1000,1000
20.109,7.146,1000,1000,1000,1000
9.603,4.086,9.577,4.020,9.528,4.069
1.884,9.218,1.936,9.270,1000,1000
12.882,13.945,1000,1000,1000,1000
7.639,15.983,1000,1000,1000,1000
9.886,10.420,9.871,10.405,9.830,10.378
3.077,19.190,3.062,19.175,3.092,19.203
16.361,16.330,16.400,16.361,16.350,16.411
15.240,2.237,15.299,2.202,1000,1000
1.111,14.501,1.133,14.501,1000,1000
0.782,7.253,0.805,7.234,0.746,7.293
2.183,10.970,2.157,10.944,2.126,10.913
5.005,2.052,1000,1000,1000,1000
3.888,8.517,3.895,8.524,1000,1000
13.457,16.188,13.461,16.252,1000,1000
7.494,15.190,1000,1000,1000,1000
17.298,13.437,17.285,13.424,1000,1000
5.447,14.543,1000,1000,1000,1000
2.241,2.863,1000,1000,1000,1000
5.816,3.383,1000,1000,1000,1000
8.916,4.568,1000,1000,1000,1000
15.246,6.261,15.214,6.269,1000,1000
8.761,18.091,1000,1000,1000,1000
7.588,11.571,1000,1000,1000,1000
5.787,1.941,5.802,1.894,5.793,1.947
3.833,2.030,1000,1000,1000,1000
4.293,2.723,4.344,2.756,4.253,2.763
10.866,12.483,1000,1000,1000,1000
0.006,11.726,0.041,11.749,-0.007,11.713
3.828,5.363,3.779,5.382,1000,1000
9.357,20.133,9.286,20.204,9.331,20.191
13.940,8.878,1000,1000,1000,1000
12.978,5.920,12.936,5.878,1000,1000
1.627,11.505,1000,1000,1000,1000
5.703,6.874,1000,1000,1000,1000
8.283,17.726,8.295,17.734,1000,1000
4.200,19.226,4.196,19.178,1000,1000
2.538,18.070,2.447,17.979,2.509,18.041
9.225,18.134,1000,1000,1000,1000
10.279,18.305,10.218,18.244,1000,1000
4.768,3.826,4.798,3.770,4.791,3.777
18.485,27.240,18.500,27.225,1000,1000
2.681,18.703,2.759,18.689,1000,1000
11.537,11.687,11.523,11.603,1000,1000
10.096,8.548,10.103,8.475,10.048,8.530
9.204,4.347,9.245,4.340,9.213,4.338
1.882,15.542,1000,1000,1000,1000
17.292,3.910,1000,1000,1000,1000
9.970,14.666,9.962,14.596,9.887,14.583
1.433,18.213,1.444,18.224,1000,1000
20.388,14.214,20.317,14.285,1000,1000
9.829,12.582,9.834,12.493,9.922,12.489
12.984,5.115,12.943,5.156,12.960,5.139
3.835,7.899,3.887,7.951,3.905,7.923
11.930,8.906,11.909,8.849,1000,1000
12.572,20.213,12.604,20.249,1000,1000
13.888,9.805,13.847,9.764,1000,1000
14.770,5.894,1000,1000,1000,1000
18.512,8.448,18.479,8.393,1000,1000
9.978,4.450,1000,1000,1000,1000
3.022,22.715,3.080,22.745,3.099,22.726
0.116,15.530,0.074,15.488,0.152,15.472
5.346,0.067,5.348,0.065,1000,1000
7.440,15.428,7.393,15.475,7.404,15.462
9.525,7.132,9.556,7.183,9.535,7.162
2.812,5.693,2.749,5.630,2.791,5.672
5.258,26.950,5.220,26.912,5.275,26.967
3.462,9.813,3.455,9.806,3.527,9.828
12.268,6.099,12.226,6.141,12.280,6.087
6.758,9.673,1000,1000,1000,1000
14.516,6.804,14.519,6.865,1000,1000
12.355,12.549,12.328,12.522,1000,1000
10.749,5.156,10.728,5.163,1000,1000
4.699,9.897,1000,1000,1000,1000
11.272,4.778,11.330,4.836,11.301,4.837
10.816,12.248,10.806,12.214,1000,1000
6.573,15.650,6.555,15.632,6.579,15.656
2.085,21.962,2.094,21.945,1000,1000
9.258,7.619,9.257,7.582,9.315,7.562
18.348,10.794,18.308,10.754,1000,1000
11.228,7.532,11.251,7.509,1000,1000
11.108,14.660,11.082,14.634,11.115,14.667
3.969,5.759,1000,1000,1000,1000
12.101,2.308,1000,1000,1000,1000
7.852,8.898,1000,1000,1000,1000
5.074,15.123,5.142,15.055,1000,1000
5.773,2.912,5.830,2.905,5.834,2.973
8.616,3.851,1000,1000,1000,1000
7.119,7.491,7.140,7.558,1000,1000
7.023,8.092,1000,1000,1000,1000
2.205,1.869,1000,1000,1000,1000
11.502,14.117,11.575,14.190,11.486,14.179
18.126,3.943,18.162,3.979,18.119,3.968
29.970,10.272,30.022,10.258,30.027,10.329
2.646,4.291,2.725,4.312,2.669,4.314
13.229,0.418,13.252,0.395,13.219,0.428
7.400,14.104,1000,1000,1000,1000
12.994,7.106,12.954,7.066,1000,1000
1.326,11.720,1.305,11.687,1.304,11.688
0.393,5.102,1000,1000,1000,1000
12.530,14.083,12.543,14.088,1000,1000
9.167,8.933,9.178,8.922,1000,1000
7.633,19.197,7.612,19.176,7.588,19.180
10.682,9.337,10.638,9.309,10.673,9.344
3.923,7.695,3.859,7.759,1000,1000
4.052,13.400,4.034,13.320,4.036,13.384
7.354,9.426,7.365,9.447,7.355,9.457
11.959,18.578,12.002,18.547,1000,1000
14.177,2.373,1000,1000,1000,1000
0.313,19.001,1000,1000,1000,1000
9.231,20.696,9.208,20.719,9.195,20.732
19.311,3.614,1000,1000,1000,1000
9.448,11.620,1000,1000,1000,1000
14.521,6.994,14.519,6.972,1000,1000
23.002,1.849,22.946,1.905,1000,1000
5.667,0.468,5.614,0.453,5.677,0.390
10.696,11.569,10.760,11.591,10.762,11.635
16.729,1.475,16.726,1.472,16.765,1.511
12.738,1.616,1000,1000,1000,1000
17.704,13.045,17.667,13.000,17.648,12.989
12.888,8.394,1000,1000,1000,1000
24.594,12.759,1000,1000,1000,1000
22.113,10.697,1000,1000,1000,1000
7.934,16.527,7.932,16.511,7.970,16.563
22.757,11.933,1000,1000,1000,1000
8.250,9.287,8.188,9.225,1000,1000
8.692,13.585,8.701,13.576,1000,1000
2.113,20.729,2.084,20.700,2.136,20.752
11.117,13.643,11.055,13.581,11.047,13.573
4.771,14.830,4.743,14.858,1000,1000
4.906,4.373,1000,1000,1000,1000
13.098,3.598,13.114,3.582,1000,1000
6.150,12.401,6.149,12.410,6.141,12.410
19.467,4.107,1000,1000,1000,1000
7.547,14.315,7.624,14.310,7.576,14.358
11.574,18.864,11.513,18.849,1000,1000
14.609,22.463,14.620,22.452,1000,1000
2.481,8.893,1000,1000,1000,1000
3.185,17.189,1000,1000,1000,1000
5.192,2.211,5.231,2.250,1000,1000
8.139,15.832,1000,1000,1000,1000
6.853,12.091,1000,1000,1000,1000
4.439,22.827,1000,1000,1000,1000
2.296,13.864,2.341,13.839,1000,1000
7.898,8.163,7.949,8.210,7.953,8.206
7.917,9.747,1000,1000,1000,1000
17.447,9.479,17.434,9.466,1000,1000
1.857,11.519,1.832,11.554,1.777,11.499
15.576,9.646,1000,1000,1000,1000
5.586,2.168,5.576,2.198,1000,1000
0.759,11.845,0.694,11.866,0.711,11.893
7.197,7.538,7.184,7.525,7.118,7.459
18.087,11.656,1000,1000,1000,1000
0.443,6.530,1000,1000,1000,1000
19.482,14.289,1000,1000,1000,1000
6.423,13.173,6.475,13.121,1000,1000
11.085,13.199,11.077,13.191,1000,1000
6.232,2.686,6.310,2.764,1000,1000
1.634,16.930,1.604,16.900,1000,1000
9.046,7.949,1000,1000,1000,1000
0.251,0.672,0.248,0.675,0.184,0.739
11.634,2.267,11.601,2.232,11.641,2.192
17.400,11.119,17.355,11.078,17.386,11.047
12.620,18.785,1000,1000,1000,1000
2.034,0.957,1000,1000,1000,1000
0.769,3.583,0.795,3.609,1000,1000
0.804,2.613,0.845,2.654,1000,1000
24.936,10.228,24.947,10.217,24.957,10.227
11.415,8.191,11.338,8.194,11.336,8.112
5.331,17.542,5.316,17.505,5.320,17.509
0.037,1.207,1000,1000,1000,1000
4.150,2.970,1000,1000,1000,1000
3.788,5.939,1000,1000,1000,1000
7.068,0.857,1000,1000,1000,1000
12.495,7.724,12.511,7.662,1000,1000
14.251,18.965,14.279,18.993,1000,1000
0.142,11.628,0.191,11.625,1000,1000
3.884,10.293,1000,1000,1000,1000
16.563,19.248,1000,1000,1000,1000
9.287,9.424,9.288,9.451,9.238,9.401
13.372,12.169,13.346,12.195,1000,1000
3.198,13.491,3.254,13.491,1000,1000
5.770,7.457,1000,1000,1000,1000
10.293,7.573,10.277,7.543,1000,1000
6.816,23.486,6.754,23.548,6.787,23.501
8.148,17.225,8.151,17.154,1000,1000
11.680,18.212,11.604,18.136,11.644,18.176
3.374,11.004,1000,1000,1000,1000
6.192,10.281,6.208,10.217,6.274,10.283
5.889,12.786,5.818,12.857,1000,1000
3.618,15.933,3.687,15.904,1000,1000
5.314,9.894,1000,1000,1000,1000
12.835,11.299,12.795,11.345,1000,1000
6.978,13.784,1000,1000,1000,1000
4.930,13.576,4.993,13.609,4.943,13.659
6.450,4.444,6.389,4.505,1000,1000
6.822,9.440,6.826,9.446,1000,1000
12.154,10.027,12.165,10.074,1000,1000
11.952,7.758,1000,1000,1000,1000
7.414,9.560,1000,1000,1000,1000
6.165,5.346,6.145,5.326,6.175,5.356
5.006,12.007,5.038,12.039,5.007,12.078
0.385,13.128,0.376,13.147,0.416,13.097
13.142,14.883,13.100,14.859,13.086,14.827
10.284,13.959,1000,1000,1000,1000
13.175,2.707,13.173,2.639,1000,1000
18.304,6.997,18.294,6.953,1000,1000
11.113,7.115,11.162,7.164,11.111,7.129
12.120,18.276,12.076,18.288,12.115,18.281
15.553,19.953,15.575,19.975,15.547,19.947
13.570,1.238,13.653,1.155,1000,1000
12.538,9.612,12.553,9.597,12.554,9.654
10.550,21.953,10.576,21.895,10.568,21.971
12.458,15.365,12.397,15.378,12.400,15.381
16.721,14.413,16.712,14.422,16.763,14.387
4.774,8.977,1000,1000,1000,1000
19.375,4.917,19.337,4.955,1000,1000
9.216,5.154,9.140,5.172,1000,1000
8.057,17.600,8.037,17.588,8.005,17.652
4.377,8.900,4.324,8.917,1000,1000
5.214,13.312,5.205,13.303,1000,1000
1.376,14.278,1000,1000,1000,1000
10.150,21.571,1000,1000,1000,1000
18.009,14.437,1000,1000,1000,1000
3.944,8.465,1000,1000,1000,1000
12.551,22.251,12.573,22.273,12.535,22.235
3.770,12.855,3.819,12.850,3.822,12.847
18.376,2.512,1000,1000,1000,1000
10.139,6.144,10.176,6.107,1000,1000
10.403,9.056,10.462,9.115,1000,1000
2.507,10.581,2.452,10.636,1000,1000
18.357,12.407,18.386,12.378,18.378,12.386
13.803,4.662,1000,1000,1000,1000
0.971,15.539,1000,1000,1000,1000
18.856,5.079,18.912,5.023,1000,1000
14.661,18.942,14.651,18.942,1000,1000
14.858,16.156,1000,1000,1000,1000
1.831,8.192,1.800,8.223,1000,1000
0.252,0.493,0.271,0.474,0.233,0.512
17.189,8.000,17.218,7.971,17.185,8.004
20.827,14.817,20.824,14.798,1000,1000
9.559,4.361,9.514,4.408,9.524,4.396
9.254,11.899,9.237,11.956,9.252,11.897
17.045,7.851,17.068,7.828,1000,1000
15.187,1.808,15.117,1.780,15.180,1.843
11.687,10.152,11.704,10.195,11.674,10.165
1.787,13.087,1.852,13.152,1.801,13.101
10.494,16.338,1000,1000,1000,1000
1.085,11.576,1.043,11.618,1.056,11.605
14.242,5.543,14.224,5.525,1000,1000
13.666,11.717,1000,1000,1000,1000
8.820,6.461,1000,1000,1000,1000
11.966,13.973,11.991,13.918,1000,1000
17.695,9.981,17.759,9.917,1000,1000
15.674,5.302,15.653,5.323,15.701,5.367
22.088,14.150,1000,1000,1000,1000
6.700,4.108,1000,1000,1000,1000
3.602,9.400,1000,1000,1000,1000
11.999,8.419,11.932,8.352,11.992,8.412
12.338,10.158,12.356,10.176,12.373,10.211
4.989,15.147,5.003,15.161,5.016,15.082
3.239,14.922,3.296,14.921,1000,1000
10.570,28.938,10.592,28.988,10.520,28.916
17.588,11.522,17.615,11.549,1000,1000
11.643,5.136,1000,1000,1000,1000
11.002,11.870,10.963,11.909,11.003,11.869
18.706,11.264,18.734,11.292,1000,1000
13.420,9.788,13.401,9.733,13.404,9.736
11.304,3.566,11.327,3.589,1000,1000
12.334,8.130,12.284,8.080,1000,1000
16.355,7.713,16.365,7.723,16.361,7.765
2.679,17.290,2.681,17.288,1000,1000
14.204,7.024,1000,1000,1000,1000
3.226,0.574,3.246,0.588,1000,1000
10.262,18.109,10.263,18.110,1000,1000
0.511,15.151,0.493,15.169,0.524,15.174
10.985,13.775,11.075,13.865,11.002,13.846
15.176,5.982,15.206,5.952,15.261,5.897
5.355,1.714,5.347,1.706,1000,1000
9.050,6.225,9.122,6.229,9.051,6.224
16.301,14.025,1000,1000,1000,1000
1.558,1.046,1000,1000,1000,1000
12.592,3.336,12.551,3.377,1000,1000
19.134,12.056,19.227,12.149,1000,1000
7.318,6.135,1000,1000,1000,1000
13.667,5.883,1000,1000,1000,1000
12.144,15.037,12.071,15.110,12.080,15.069
12.694,9.608,1000,1000,1000,1000
8.034,25.030,8.097,25.093,1000,1000
4.853,7.917,4.880,7.944,4.883,7.857
6.280,14.230,1000,1000,1000,1000
1.704,17.560,1.637,17.563,1.683,17.581
12.345,1.579,12.328,1.638,12.353,1.613
20.367,15.401,1000,1000,1000,1000
7.843,11.065,7.830,11.052,7.821,11.043
10.290,0.541,10.301,0.552,10.330,0.559
7.023,10.667,6.942,10.652,1000,1000
10.271,11.069,1000,1000,1000,1000
5.458,12.567,5.490,12.599,1000,1000
4.541,8.670,1000,1000,1000,1000
18.758,11.093,18.795,11.118,18.759,11.092
18.459,11.872,1000,1000,1000,1000
3.513,11.946,3.488,11.921,1000,1000
3.947,5.375,3.991,5.373,4.002,5.362
5.765,13.316,5.809,13.298,1000,1000
3.531,3.710,3.556,3.735,1000,1000
9.649,14.415,1000,1000,1000,1000
15.409,6.733,15.348,6.700,1000,1000
10.025,14.670,1000,1000,1000,1000
18.823,21.689,1000,1000,1000,1000
7.552,12.128,7.483,12.145,7.492,12.154
7.175,8.133,7.147,8.105,7.128,8.086
4.912,17.125,1000,1000,1000,1000
7.709,9.819,1000,1000,1000,1000
12.423,19.124,12.430,19.131,12.450,19.147
8.310,16.961,8.256,17.015,1000,1000
9.144,8.882,9.224,8.962,1000,1000
13.663,9.310,13.718,9.365,1000,1000
5.376,13.258,5.336,13.298,5.339,13.265
11.495,14.686,11.432,14.623,11.453,14.674
15.036,12.890,1000,1000,1000,1000
4.436,8.234,4.487,8.201,4.449,8.221
7.790,12.680,7.768,12.702,1000,1000
13.376,23.431,13.398,23.409,13.434,23.423
5.799,16.561,1000,1000,1000,1000
16.816,16.706,16.826,16.774,1000,1000
10.479,15.344,1000,1000,1000,1000
7.274,2.607,7.272,2.605,1000,1000
7.107,8.497,1000,1000,1000,1000
6.673,9.766,6.617,9.710,6.605,9.738
10.566,14.712,10.614,14.738,10.555,14.701
9.210,11.547,1000,1000,1000,1000
21.481,1.320,1000,1000,1000,1000
12.816,7.602,1000,1000,1000,1000
7.949,15.776,7.898,15.753,7.941,15.784
16.774,6.691,16.733,6.716,1000,1000
14.231,17.807,14.241,17.797,14.247,17.791
14.207,14.073,14.174,14.106,14.206,14.074
21.329,15.175,1000,1000,1000,1000
2.827,4.400,2.850,4.423,2.877,4.450
12.362,3.623,12.391,3.616,12.405,3.602
8.850,12.651,8.843,12.630,8.807,12.594
19.947,10.675,19.946,10.592,1000,1000
5.064,16.622,5.129,16.687,5.133,16.621
6.218,9.561,6.186,9.569,1000,1000
15.399,8.131,15.393,8.137,1000,1000
8.364,16.272,8.410,16.226,8.354,16.256
0.529,5.307,0.493,5.341,1000,1000
11.173,4.959,1000,1000,1000,1000
2.590,1.530,2.616,1.510,1000,1000
14.218,10.286,14.186,10.256,1000,1000
3.650,1.923,3.675,1.948,3.650,1.923
9.345,10.616,1000,1000,1000,1000
11.506,7.635,1000,1000,1000,1000
9.361,11.341,1000,1000,1000,1000
3.326,14.141,3.280,14.187,3.312,14.177
19.243,6.353,19.287,6.397,1000,1000
16.471,2.648,16.449,2.586,16.514,2.605
1.459,5.165,1000,1000,1000,1000
15.445,4.689,15.423,4.667,15.416,4.664
12.383,8.637,12.389,8.643,1000,1000
2.604,13.275,2.591,13.256,1000,1000
1.536,8.359,1000,1000,1000,1000
8.534,0.477,8.501,0.544,8.553,0.496
-0.033,12.550,-0.001,12.506,-0.033,12.550
4.469,25.241,1000,1000,1000,1000
2.598,8.887,2.617,8.906,1000,1000
3.864,6.147,3.818,6.189,3.842,6.213
9.400,2.587,9.370,2.617,1000,1000
14.133,1.897,14.138,1.906,1000,1000
7.624,2.081,7.578,2.057,1000,1000
9.962,9.813,9.918,9.769,1000,1000
10.867,8.181,10.816,8.178,10.806,8.242
2.916,7.053,1000,1000,1000,1000
16.437,7.669,16.459,7.647,16.420,7.686
7.587,5.815,7.555,5.873,1000,1000
10.158,13.991,10.119,14.010,1000,1000
10.761,14.823,10.719,14.801,10.762,14.758
4.333,10.528,4.337,10.524,1000,1000
3.365,8.931,3.349,8.953,3.403,8.899
18.034,20.554,18.099,20.619,18.021,20.607
14.502,15.846,1000,1000,1000,1000
19.869,1.862,19.863,1.890,1000,1000
15.854,9.861,15.875,9.862,1000,1000
21.881,12.961,21.897,12.903,21.938,12.904
1.352,18.469,1.365,18.456,1.425,18.396
13.874,7.667,13.897,7.644,13.895,7.674
11.971,0.519,12.052,0.600,12.023,0.571
1.030,7.430,1.048,7.412,1.048,7.412
6.397,5.782,6.325,5.710,6.317,5.702
4.826,7.147,4.802,7.211,1000,1000
17.069,15.273,17.110,15.230,1000,1000
7.125,5.832,7.133,5.824,7.138,5.819
9.183,20.571,9.206,20.582,1000,1000
1.865,5.207,1000,1000,1000,1000
2.891,12.622,2.863,12.594,2.855,12.576
0.480,10.280,0.450,10.342,0.512,10.280
19.658,14.607,19.664,14.613,19.615,14.594
22.471,14.683,22.472,14.772,22.388,14.766
6.930,20.608,6.899,20.569,6.891,20.561
13.625,11.045,13.595,11.015,1000,1000
8.134,5.140,1000,1000,1000,1000
4.855,10.423,4.856,10.424,1000,1000
13.742,8.436,1000,1000,1000,1000
6.225,10.845,6.174,10.820,6.187,10.807
17.234,0.699,17.206,0.671,17.177,0.642
8.810,6.447,8.814,6.451,1000,1000
1.689,19.612,1000,1000,1000,1000
12.442,4.574,12.486,4.552,12.456,4.560
18.888,17.605,18.947,17.546,1000,1000
17.991,6.517,18.027,6.483,1000,1000
8.294,8.962,8.306,8.980,1000,1000
4.790,17.858,1000,1000,1000,1000
13.044,1.667,13.093,1.618,1000,1000
22.432,8.412,22.433,8.413,1000,1000
13.360,18.604,13.333,18.621,1000,1000
10.134,9.590,1000,1000,1000,1000
18.333,5.656,18.305,5.688,1000,1000
6.885,8.160,1000,1000,1000,1000
4.048,8.820,4.100,8.768,4.085,8.809
18.654,3.174,1000,1000,1000,1000
7.023,6.094,7.038,6.109,7.032,6.103
16.968,2.301,1000,1000,1000,1000
8.424,12.626,8.421,12.623,1000,1000
11.892,0.867,11.834,0.895,11.874,0.855
14.649,2.637,14.682,2.604,14.687,2.595
1.262,22.649,1.238,22.673,1.294,22.617
4.382,0.597,4.419,0.546,4.471,0.508
22.252,8.069,22.213,8.080,1000,1000
10.637,13.902,10.692,13.847,10.690,13.907
13.332,14.472,13.329,14.469,1000,1000
8.626,4.120,1000,1000,1000,1000
15.735,7.355,15.687,7.307,1000,1000
0.852,6.484,1000,1000,1000,1000
16.492,8.454,16.501,8.421,1000,1000
19.116,16.793,19.075,16.772,19.064,16.761
3.009,20.319,3.016,20.312,1000,1000
2.862,18.741,2.814,18.749,2.855,18.748
9.320,12.615,1000,1000,1000,1000
11.909,8.310,11.912,8.307,1000,1000
10.906,12.631,10.960,12.607,1000,1000
8.082,10.988,1000,1000,1000,1000
13.313,5.853,1000,1000,1000,1000
5.127,17.419,5.107,17.439,1000,1000
7.593,1.141,7.587,1.147,7.572,1.176
14.835,11.740,1000,1000,1000,1000
1.796,24.205,1000,1000,1000,1000
17.308,13.700,17.222,13.688,17.226,13.782
6.516,8.406,6.510,8.458,1000,1000
17.698,13.700,17.651,13.731,17.723,13.725
7.552,19.840,1000,1000,1000,1000
4.378,16.443,4.380,16.379,4.396,16.425
15.245,19.318,15.198,19.271,1000,1000
6.561,0.133,1000,1000,1000,1000
16.407,16.513,16.463,16.535,16.486,16.592
1.072,10.203,1000,1000,1000,1000
1.160,6.903,1.125,6.866,1000,1000
7.170,12.750,1000,1000,1000,1000
10.240,9.949,1000,1000,1000,1000
0.807,5.563,0.880,5.636,0.837,5.593
12.017,0.687,11.998,0.706,11.970,0.734
8.629,8.365,8.563,8.299,1000,1000
5.617,19.741,5.572,19.696,1000,1000
15.638,12.277,1000,1000,1000,1000
7.960,5.372,7.934,5.398,1000,1000
19.934,3.741,19.974,3.685,19.947,3.728
8.235,15.113,8.197,15.151,1000,1000
5.153,9.101,5.216,9.164,1000,1000
12.022,5.845,12.069,5.898,12.054,5.813
17.713,18.172,1000,1000,1000,1000
16.217,11.108,1000,1000,1000,1000
2.976,8.891,2.959,8.826,1000,1000
0.331,14.214,0.275,14.270,0.321,14.220
10.988,11.675,10.923,11.610,1000,1000
23.115,1.277,1000,1000,1000,1000
15.274,18.003,15.206,18.023,15.222,17.951
3.629,3.840,3.611,3.858,1000,1000
9.994,16.237,10.006,16.229,1000,1000
10.216,0.204,10.202,0.218,1000,1000
13.991,7.157,13.961,7.175,13.969,7.135
13.220,9.834,13.234,9.768,13.206,9.796
14.060,6.271,14.066,6.283,1000,1000
7.591,10.273,1000,1000,1000,1000
13.709,18.088,13.701,18.096,1000,1000
21.799,3.320,21.776,3.301,21.759,3.284
15.950,7.468,16.013,7.405,16.024,7.452
23.684,4.608,1000,1000,1000,1000
10.070,10.245,10.053,10.328,10.099,10.282
18.493,14.186,1000,1000,1000,1000
7.498,37.917,1000,1000,1000,1000
14.242,19.027,1000,1000,1000,1000
1.976,15.004,1.957,14.983,2.011,15.037
1.532,11.660,1.495,11.697,1.532,11.732
8.685,16.122,8.728,16.079,8.734,16.073
23.816,1.881,23.788,1.861,1000,1000
11.385,3.876,11.351,3.928,11.301,3.878
10.730,1.289,10.731,1.288,10.754,1.265
12.630,4.440,12.660,4.486,1000,1000
9.619,10.310,9.651,10.342,9.633,10.324
6.158,5.947,6.144,5.939,6.134,5.971
10.362,16.990,10.374,16.978,1000,1000
20.659,11.445,1000,1000,1000,1000
0.542,21.801,1000,1000,1000,1000
13.487,12.434,13.580,12.431,1000,1000
16.752,2.395,1000,1000,1000,1000
4.326,6.489,1000,1000,1000,1000
7.562,13.988,1000,1000,1000,1000
6.394,19.243,6.473,19.228,6.452,19.301
11.559,21.160,1000,1000,1000,1000
5.470,14.800,1000,1000,1000,1000
7.414,5.397,7.399,5.412,1000,1000
8.546,6.041,1000,1000,1000,1000
16.470,1.737,1000,1000,1000,1000
19.391,5.995,19.345,5.949,19.328,6.002
13.791,16.579,13.738,16.580,13.720,16.508
12.238,4.230,1000,1000,1000,1000
15.476,9.151,1000,1000,1000,1000
7.943,9.097,7.930,9.140,1000,1000
10.180,13.112,10.213,13.137,10.239,13.171
6.896,17.399,6.911,17.378,1000,1000
7.670,4.967,7.718,4.953,7.673,4.964
10.871,18.403,1000,1000,1000,1000
10.001,10.522,9.944,10.501,1000,1000
9.814,10.539,9.801,10.526,1000,1000
6.592,9.042,1000,1000,1000,1000
5.534,10.795,1000,1000,1000,1000
16.128,18.457,1000,1000,1000,1000
11.964,16.790,11.931,16.823,11.948,16.806
6.829,8.617,1000,1000,1000,1000
9.206,1.004,9.202,1.042,1000,1000
7.366,3.543,7.383,3.526,1000,1000
10.469,12.095,1000,1000,1000,1000
6.404,7.460,6.423,7.479,1000,1000
2.398,5.077,2.378,5.057,1000,1000
8.771,5.097,1000,1000,1000,1000
0.055,5.258,0.056,5.253,1000,1000
2.266,16.473,2.336,16.543,2.277,16.530
5.582,12.417,1000,1000,1000,1000
9.933,7.791,9.979,7.839,9.967,7.757
5.496,18.152,1000,1000,1000,1000
12.158,0.773,1000,1000,1000,1000
12.944,10.263,12.927,10.246,12.926,10.245
6.148,0.836,6.221,0.909,6.191,0.879
7.340,12.124,1000,1000,1000,1000
17.540,5.016,17.518,5.038,1000,1000
22.156,12.753,1000,1000,1000,1000
13.071,19.650,1000,1000,1000,1000
9.859,0.898,9.857,0.900,9.788,0.891
10.324,10.908,10.384,10.932,1000,1000
0.944,7.002,0.940,6.992,0.966,7.018
8.943,6.605,1000,1000,1000,1000
21.495,12.516,1000,1000,1000,1000
5.579,12.271,1000,1000,1000,1000
11.184,22.074,11.217,22.027,1000,1000
8.061,2.153,1000,1000,1000,1000
15.240,26.859,1000,1000,1000,1000
12.905,8.914,12.961,8.894,12.971,8.848
0.466,22.000,0.453,21.987,0.521,21.995
12.205,15.108,12.278,15.181,12.295,15.102
17.872,5.942,17.823,5.959,1000,1000
11.268,3.736,1000,1000,1000,1000
10.203,15.558,10.185,15.522,10.225,15.482
5.653,9.284,5.741,9.276,1000,1000
4.681,17.749,1000,1000,1000,1000
8.079,15.251,8.027,15.235,1000,1000
9.180,3.755,9.129,3.704,9.151,3.736
1.516,2.433,1.525,2.370,1.531,2.448
12.277,10.621,1000,1000,1000,1000
5.897,2.181,1000,1000,1000,1000
9.443,9.827,9.490,9.780,1000,1000
10.443,11.275,10.448,11.242,1000,1000
9.658,16.060,9.616,16.068,9.647,16.049
5.811,25.803,1000,1000,1000,1000
11.845,2.982,11.833,2.996,11.810,3.017
10.787,11.065,10.800,11.078,10.790,11.108
21.233,5.656,21.244,5.667,21.230,5.653
17.798,2.154,17.773,2.211,17.772,2.180
5.225,10.352,5.229,10.348,5.264,10.403
14.771,11.086,14.747,11.110,14.725,11.124
7.246,11.330,7.280,11.296,1000,1000
4.257,5.024,4.272,5.001,4.272,5.039
14.081,10.515,14.080,10.458,14.018,10.520
16.745,12.113,16.810,12.178,1000,1000
19.134,11.461,19.172,11.433,19.095,11.510
7.614,7.379,1000,1000,1000,1000
11.466,7.875,1000,1000,1000,1000
11.732,7.671,11.731,7.644,1000,1000
13.286,11.882,13.245,11.841,13.239,11.907
2.313,19.564,1000,1000,1000,1000
10.810,14.571,1000,1000,1000,1000
26.238,19.664,1000,1000,1000,1000
10.636,6.377,1000,1000,1000,1000
2.064,9.232,1000,1000,1000,1000
6.115,1.037,6.198,0.954,6.182,0.970
9.257,8.497,1000,1000,1000,1000
2.180,20.672,2.193,20.659,1000,1000
9.550,8.761,1000,1000,1000,1000
3.624,13.165,3.598,13.139,3.596,13.229
2.855,13.722,1000,1000,1000,1000
1.142,10.409,1.094,10.361,1000,1000
17.721,5.887,17.816,5.982,1000,1000
10.172,10.311,10.138,10.291,10.197,10.350
9.406,7.956,9.459,7.979,9.385,7.977
8.358,2.882,1000,1000,1000,1000
15.431,5.541,15.347,5.625,15.406,5.606
7.677,3.651,7.648,3.698,7.590,3.738
17.211,6.943,1000,1000,1000,1000
9.462,5.227,9.431,5.258,9.442,5.247
19.606,13.261,1000,1000,1000,1000
5.786,19.096,5.796,19.066,1000,1000
11.452,15.893,11.496,15.909,1000,1000
12.243,7.473,12.269,7.455,12.198,7.428
16.782,9.220,1000,1000,1000,1000
2.275,2.094,2.310,2.151,2.218,2.151
18.818,4.005,18.831,4.086,1000,1000
5.411,3.211,5.463,3.159,1000,1000
12.435,10.750,12.429,10.776,12.426,10.759
4.030,6.274,4.024,6.294,1000,1000
16.302,4.596,16.328,4.570,1000,1000
19.726,7.694,19.812,7.696,1000,1000
17.180,3.481,17.196,3.421,17.255,3.480
4.950,14.894,5.013,14.873,1000,1000
6.042,15.645,1000,1000,1000,1000
4.683,1.668,4.666,1.685,4.679,1.672
9.803,8.854,1000,1000,1000,1000
3.268,8.926,3.276,8.918,1000,1000
17.365,5.900,17.358,5.893,1000,1000
2.849,17.850,1000,1000,1000,1000
3.350,6.739,1000,1000,1000,1000
6.759,9.819,6.717,9.789,6.769,9.829
17.546,6.429,1000,1000,1000,1000
19.001,4.201,1000,1000,1000,1000
12.004,19.028,1000,1000,1000,1000
12.985,11.652,1000,1000,1000,1000
15.933,23.550,15.915,23.568,1000,1000
1.118,9.884,1.052,9.860,1000,1000
3.955,19.544,3.877,19.466,3.909,19.496
12.715,16.269,12.777,16.305,1000,1000
8.714,21.098,1000,1000,1000,1000
14.443,12.800,14.422,12.821,1000,1000
6.804,15.453,6.854,15.427,1000,1000
0.041,5.772,0.112,5.759,1000,1000
15.664,16.217,15.657,16.224,15.647,16.234
11.346,9.851,1000,1000,1000,1000
19.213,12.650,19.267,12.634,19.297,12.664
14.050,10.860,14.112,10.798,14.056,10.854
2.474,9.366,2.438,9.324,2.506,9.334
4.849,8.045,4.857,8.037,1000,1000
36.994,3.538,1000,1000,1000,1000
14.931,13.275,1000,1000,1000,1000
11.249,14.187,11.312,14.198,1000,1000
8.137,7.545,1000,1000,1000,1000
17.390,1.637,17.337,1.690,1000,1000
0.528,10.046,1000,1000,1000,1000
3.594,1.210,1000,1000,1000,1000
5.827,10.366,5.839,10.400,5.832,10.393
10.631,13.356,10.586,13.401,1000,1000
15.927,17.260,1000,1000,1000,1000
12.089,2.501,12.118,2.472,1000,1000
6.345,5.142,6.311,5.122,6.283,5.150
10.938,7.202,10.874,7.266,1000,1000
11.000,17.600,11.029,17.581,1000,1000
13.050,14.441,13.037,14.428,1000,1000
5.327,5.914,1000,1000,1000,1000
10.890,17.042,10.910,17.022,10.939,16.993
6.763,7.076,1000,1000,1000,1000
12.379,17.674,12.390,17.663,1000,1000
7.180,20.076,7.177,20.079,1000,1000
6.058,19.366,6.084,19.340,6.115,19.309
8.789,4.914,8.831,4.942,8.833,4.940
17.373,9.176,17.341,9.144,1000,1000
17.718,13.340,1000,1000,1000,1000
15.300,6.013,15.354,6.021,1000,1000
13.556,11.277,13.545,11.266,13.492,11.213
9.905,3.965,9.979,4.039,1000,1000
19.351,12.386,19.362,12.397,19.349,12.384
6.668,12.593,6.666,12.525,6.717,12.544
11.730,14.243,11.721,14.178,1000,1000
1.403,7.872,1000,1000,1000,1000
1.352,21.347,1000,1000,1000,1000
0.878,11.492,0.835,11.443,1000,1000
7.465,4.888,7.529,4.898,7.511,4.880
4.245,12.460,4.209,12.434,1000,1000
11.306,8.293,11.273,8.266,1000,1000
18.114,13.948,1000,1000,1000,1000
14.969,3.872,14.958,3.883,1000,1000
5.094,10.588,5.117,10.611,5.163,10.567
13.399,6.694,13.421,6.684,13.443,6.662
11.729,8.634,1000,1000,1000,1000
9.801,10.064,1000,1000,1000,1000
11.030,14.036,11.063,14.075,1000,1000
10.893,15.791,10.894,15.752,1000,1000
17.664,0.808,17.705,0.771,1000,1000
14.210,21.280,14.191,21.299,1000,1000
2.642,10.984,2.666,10.960,1000,1000
9.200,12.147,1000,1000,1000,1000
11.122,6.539,1000,1000,1000,1000
6.214,9.708,1000,1000,1000,1000
15.850,7.949,15.782,7.881,15.856,7.955
8.588,14.589,1000,1000,1000,1000
2.421,10.380,2.403,10.316,1000,1000
10.340,12.101,10.372,12.133,10.373,12.140
2.865,4.879,2.946,4.960,2.936,4.950
6.517,13.592,6.513,13.588,6.465,13.626
4.904,4.164,1000,1000,1000,1000
4.001,16.051,4.028,16.122,3.980,16.072
7.196,8.341,7.209,8.290,1000,1000
13.287,6.977,13.358,7.048,13.295,6.985
17.596,16.055,17.600,16.135,1000,1000
3.773,10.795,3.783,10.805,3.836,10.780
